2016-12-01,1.0000,1.0000,0%,封闭期,封闭期
2016-12-02,1.0000,1.0000,0.00%,封闭期,封闭期
2016-12-09,1.0030,1.0030,0%,封闭期,封闭期
2016-12-16,0.9890,0.9890,0%,封闭期,封闭期
2016-12-23,0.9870,0.9870,0%,封闭期,封闭期
2016-12-30,0.9860,0.9860,0%,封闭期,封闭期
2016-12-31,0.9860,0.9860,0.00%,封闭期,封闭期
2017-01-06,0.9870,0.9870,0%,封闭期,封闭期
2017-01-12,0.9860,0.9860,0%,封闭期,封闭期
2017-01-13,0.9850,0.9850,-0.10%,开放申购,开放赎回
2017-01-16,0.9780,0.9780,-0.71%,开放申购,开放赎回
2017-01-17,0.9800,0.9800,0.20%,开放申购,开放赎回
2017-01-18,0.9790,0.9790,-0.10%,开放申购,开放赎回
2017-01-19,0.9780,0.9780,-0.10%,开放申购,开放赎回
2017-01-20,0.9800,0.9800,0.20%,开放申购,开放赎回
2017-01-23,0.9820,0.9820,0.20%,开放申购,开放赎回
2017-01-24,0.9810,0.9810,-0.10%,开放申购,开放赎回
2017-01-25,0.9830,0.9830,0.20%,开放申购,开放赎回
2017-01-26,0.9820,0.9820,-0.10%,开放申购,开放赎回
2017-02-03,0.9810,0.9810,-0.10%,开放申购,开放赎回
2017-02-06,0.9820,0.9820,0.10%,开放申购,开放赎回
2017-02-07,0.9810,0.9810,-0.10%,开放申购,开放赎回
2017-02-08,0.9810,0.9810,0.00%,开放申购,开放赎回
2017-02-09,0.9830,0.9830,0.20%,开放申购,开放赎回
2017-02-10,0.9860,0.9860,0.31%,开放申购,开放赎回
2017-02-13,0.9880,0.9880,0.20%,开放申购,开放赎回
2017-02-14,0.9890,0.9890,0.10%,开放申购,开放赎回
2017-02-15,0.9850,0.9850,-0.40%,开放申购,开放赎回
2017-02-16,0.9870,0.9870,0.20%,开放申购,开放赎回
2017-02-17,0.9860,0.9860,-0.10%,开放申购,开放赎回
2017-02-20,0.9930,0.9930,0.71%,开放申购,开放赎回
2017-02-21,0.9940,0.9940,0.10%,开放申购,开放赎回
2017-02-22,0.9950,0.9950,0.10%,开放申购,开放赎回
2017-02-23,0.9900,0.9900,-0.50%,开放申购,开放赎回
2017-02-24,0.9910,0.9910,0.10%,开放申购,开放赎回
2017-02-27,0.9840,0.9840,-0.71%,开放申购,开放赎回
2017-02-28,0.9880,0.9880,0.41%,开放申购,开放赎回
2017-03-01,0.9910,0.9910,0.30%,开放申购,开放赎回
2017-03-02,0.9880,0.9880,-0.30%,开放申购,开放赎回
2017-03-03,0.9870,0.9870,-0.10%,开放申购,开放赎回
2017-03-06,0.9920,0.9920,0.51%,开放申购,开放赎回
2017-03-07,0.9900,0.9900,-0.20%,开放申购,开放赎回
2017-03-08,0.9880,0.9880,-0.20%,开放申购,开放赎回
2017-03-09,0.9800,0.9800,-0.81%,开放申购,开放赎回
2017-03-10,0.9790,0.9790,-0.10%,开放申购,开放赎回
2017-03-13,0.9870,0.9870,0.82%,开放申购,开放赎回
2017-03-14,0.9850,0.9850,-0.20%,开放申购,开放赎回
2017-03-15,0.9850,0.9850,0.00%,开放申购,开放赎回
2017-03-16,0.9940,0.9940,0.91%,开放申购,开放赎回
2017-03-17,0.9860,0.9860,-0.80%,开放申购,开放赎回
2017-03-20,0.9900,0.9900,0.41%,开放申购,开放赎回
2017-03-21,0.9960,0.9960,0.61%,开放申购,开放赎回
2017-03-22,0.9990,0.9990,0.30%,开放申购,开放赎回
2017-03-23,1.0020,1.0020,0.30%,开放申购,开放赎回
2017-03-24,1.0110,1.0110,0.90%,开放申购,开放赎回
2017-03-27,1.0030,1.0030,-0.79%,开放申购,开放赎回
2017-03-28,1.0020,1.0020,-0.10%,开放申购,开放赎回
2017-03-29,1.0010,1.0010,-0.10%,开放申购,开放赎回
2017-03-30,0.9890,0.9890,-1.20%,开放申购,开放赎回
2017-03-31,0.9880,0.9880,-0.10%,开放申购,开放赎回
2017-04-05,1.0080,1.0080,2.02%,开放申购,开放赎回
2017-04-06,1.0160,1.0160,0.79%,开放申购,开放赎回
2017-04-07,1.0170,1.0170,0.10%,开放申购,开放赎回
2017-04-10,1.0210,1.0210,0.39%,开放申购,开放赎回
2017-04-11,1.0350,1.0350,1.37%,开放申购,开放赎回
2017-04-12,1.0140,1.0140,-2.03%,开放申购,开放赎回
2017-04-13,1.0190,1.0190,0.49%,开放申购,开放赎回
2017-04-14,1.0030,1.0030,-1.57%,开放申购,开放赎回
2017-04-17,0.9950,0.9950,-0.80%,开放申购,开放赎回
2017-04-18,0.9930,0.9930,-0.20%,开放申购,开放赎回
2017-04-19,0.9940,0.9940,0.10%,开放申购,开放赎回
2017-04-20,1.0000,1.0000,0.60%,开放申购,开放赎回
2017-04-21,0.9830,0.9830,-1.70%,开放申购,开放赎回
2017-04-24,0.9570,0.9570,-2.65%,开放申购,开放赎回
2017-04-25,0.9610,0.9610,0.42%,开放申购,开放赎回
2017-04-26,0.9590,0.9590,-0.21%,开放申购,开放赎回
2017-04-27,0.9640,0.9640,0.52%,开放申购,开放赎回
2017-04-28,0.9640,0.9640,0.00%,开放申购,开放赎回
2017-05-02,0.9680,0.9680,0.41%,开放申购,开放赎回
2017-05-03,0.9590,0.9590,-0.93%,开放申购,开放赎回
2017-05-04,0.9590,0.9590,0.00%,开放申购,开放赎回
2017-05-05,0.9450,0.9450,-1.46%,开放申购,开放赎回
2017-05-08,0.9160,0.9160,-3.07%,开放申购,开放赎回
2017-05-09,0.9210,0.9210,0.55%,开放申购,开放赎回
2017-05-10,0.9100,0.9100,-1.19%,开放申购,开放赎回
2017-05-11,0.9160,0.9160,0.66%,开放申购,开放赎回
2017-05-12,0.9170,0.9170,0.11%,开放申购,开放赎回
2017-05-15,0.9160,0.9160,-0.11%,开放申购,开放赎回
2017-05-16,0.9270,0.9270,1.20%,开放申购,开放赎回
2017-05-17,0.9330,0.9330,0.65%,开放申购,开放赎回
2017-05-18,0.9270,0.9270,-0.64%,开放申购,开放赎回
2017-05-19,0.9170,0.9170,-1.08%,开放申购,开放赎回
2017-05-22,0.9070,0.9070,-1.09%,开放申购,开放赎回
2017-05-23,0.8990,0.8990,-0.88%,开放申购,开放赎回
2017-05-24,0.8920,0.8920,-0.78%,开放申购,开放赎回
2017-05-25,0.8960,0.8960,0.45%,开放申购,开放赎回
2017-05-26,0.8970,0.8970,0.11%,开放申购,开放赎回
2017-05-31,0.8970,0.8970,0.00%,开放申购,开放赎回
2017-06-01,0.8970,0.8970,0.00%,开放申购,开放赎回
2017-06-02,0.8960,0.8960,-0.11%,开放申购,开放赎回
2017-06-05,0.8950,0.8950,-0.11%,开放申购,开放赎回
2017-06-06,0.8980,0.8980,0.34%,开放申购,开放赎回
2017-06-07,0.9000,0.9000,0.22%,开放申购,开放赎回
2017-06-08,0.9040,0.9040,0.44%,开放申购,开放赎回
2017-06-09,0.9050,0.9050,0.11%,开放申购,开放赎回
2017-06-12,0.9070,0.9070,0.22%,开放申购,开放赎回
2017-06-13,0.9060,0.9060,-0.11%,开放申购,开放赎回
2017-06-14,0.9040,0.9040,-0.22%,开放申购,开放赎回
2017-06-15,0.9040,0.9040,0.00%,开放申购,开放赎回
2017-06-16,0.9050,0.9050,0.11%,开放申购,开放赎回
2017-06-19,0.9070,0.9070,0.22%,开放申购,开放赎回
2017-06-20,0.9060,0.9060,-0.11%,开放申购,开放赎回
2017-06-21,0.9100,0.9100,0.44%,开放申购,开放赎回
2017-06-22,0.9090,0.9090,-0.11%,开放申购,开放赎回
2017-06-23,0.9120,0.9120,0.33%,开放申购,开放赎回
2017-06-26,0.9140,0.9140,0.22%,开放申购,开放赎回
2017-06-27,0.9160,0.9160,0.22%,开放申购,开放赎回
2017-06-28,0.9140,0.9140,-0.22%,开放申购,开放赎回
2017-06-29,0.9180,0.9180,0.44%,开放申购,开放赎回
2017-06-30,0.9190,0.9190,0.11%,开放申购,开放赎回
2017-07-03,0.9180,0.9180,-0.11%,开放申购,开放赎回
2017-07-04,0.9160,0.9160,-0.22%,开放申购,开放赎回
2017-07-05,0.9220,0.9220,0.66%,开放申购,开放赎回
2017-07-06,0.9220,0.9220,0.00%,开放申购,开放赎回
2017-07-07,0.9200,0.9200,-0.22%,开放申购,开放赎回
2017-07-10,0.9190,0.9190,-0.11%,开放申购,开放赎回
2017-07-11,0.9200,0.9200,0.11%,开放申购,开放赎回
2017-07-12,0.9230,0.9230,0.33%,开放申购,开放赎回
2017-07-13,0.9210,0.9210,-0.22%,开放申购,开放赎回
2017-07-14,0.9250,0.9250,0.43%,开放申购,开放赎回
2017-07-17,0.9220,0.9220,-0.32%,开放申购,开放赎回
2017-07-18,0.9250,0.9250,0.33%,开放申购,开放赎回
2017-07-19,0.9270,0.9270,0.22%,开放申购,开放赎回
2017-07-20,0.9330,0.9330,0.65%,开放申购,开放赎回
2017-07-21,0.9250,0.9250,-0.86%,开放申购,开放赎回
2017-07-24,0.9190,0.9190,-0.65%,开放申购,开放赎回
2017-07-25,0.9130,0.9130,-0.65%,开放申购,开放赎回
2017-07-26,0.9040,0.9040,-0.99%,开放申购,开放赎回
2017-07-27,0.9110,0.9110,0.77%,开放申购,开放赎回
2017-07-28,0.9190,0.9190,0.88%,开放申购,开放赎回
2017-07-31,0.9230,0.9230,0.44%,开放申购,开放赎回
2017-08-01,0.9330,0.9330,1.08%,开放申购,开放赎回
2017-08-02,0.9330,0.9330,0.00%,开放申购,开放赎回
2017-08-03,0.9160,0.9160,-1.82%,开放申购,开放赎回
2017-08-04,0.9050,0.9050,-1.20%,开放申购,开放赎回
2017-08-07,0.9150,0.9150,1.11%,开放申购,开放赎回
2017-08-08,0.9230,0.9230,0.87%,开放申购,开放赎回
2017-08-09,0.9300,0.9300,0.76%,开放申购,开放赎回
2017-08-10,0.9240,0.9240,-0.65%,开放申购,开放赎回
2017-08-11,0.9130,0.9130,-1.19%,开放申购,开放赎回
2017-08-14,0.9340,0.9340,2.30%,开放申购,开放赎回
2017-08-15,0.9390,0.9390,0.54%,开放申购,开放赎回
2017-08-16,0.9420,0.9420,0.32%,开放申购,开放赎回
2017-08-17,0.9400,0.9400,-0.21%,开放申购,开放赎回
2017-08-18,0.9380,0.9380,-0.21%,开放申购,开放赎回
2017-08-21,0.9420,0.9420,0.43%,开放申购,开放赎回
2017-08-22,0.9420,0.9420,0.00%,开放申购,开放赎回
2017-08-23,0.9410,0.9410,-0.11%,开放申购,开放赎回
2017-08-24,0.9270,0.9270,-1.49%,开放申购,开放赎回
2017-08-25,0.9420,0.9420,1.62%,开放申购,开放赎回
2017-08-28,0.9520,0.9520,1.06%,开放申购,开放赎回
2017-08-29,0.9540,0.9540,0.21%,开放申购,开放赎回
2017-08-30,0.9510,0.9510,-0.31%,开放申购,开放赎回
2017-08-31,0.9570,0.9570,0.63%,开放申购,开放赎回
2017-09-01,0.9620,0.9620,0.52%,开放申购,开放赎回
2017-09-04,0.9680,0.9680,0.62%,开放申购,开放赎回
2017-09-05,0.9750,0.9750,0.72%,开放申购,开放赎回
2017-09-06,0.9770,0.9770,0.21%,开放申购,开放赎回
2017-09-07,0.9680,0.9680,-0.92%,开放申购,开放赎回
2017-09-08,0.9680,0.9680,0.00%,开放申购,开放赎回
2017-09-11,0.9730,0.9730,0.52%,开放申购,开放赎回
2017-09-12,0.9840,0.9840,1.13%,开放申购,开放赎回
2017-09-13,0.9860,0.9860,0.20%,开放申购,开放赎回
2017-09-14,0.9820,0.9820,-0.41%,开放申购,开放赎回
2017-09-15,0.9780,0.9780,-0.41%,开放申购,开放赎回
2017-09-18,0.9930,0.9930,1.53%,开放申购,开放赎回
2017-09-19,0.9850,0.9850,-0.81%,开放申购,开放赎回
2017-09-20,0.9880,0.9880,0.30%,开放申购,开放赎回
2017-09-21,0.9810,0.9810,-0.71%,开放申购,开放赎回
2017-09-22,0.9840,0.9840,0.31%,开放申购,开放赎回
2017-09-25,0.9820,0.9820,-0.20%,开放申购,开放赎回
2017-09-26,0.9830,0.9830,0.10%,开放申购,开放赎回
2017-09-27,0.9900,0.9900,0.71%,开放申购,开放赎回
2017-09-28,0.9960,0.9960,0.61%,开放申购,开放赎回
2017-09-29,1.0020,1.0020,0.60%,开放申购,开放赎回
2017-10-09,1.0060,1.0060,0.40%,开放申购,开放赎回
2017-10-10,1.0050,1.0050,-0.10%,开放申购,开放赎回
2017-10-11,1.0070,1.0070,0.20%,开放申购,开放赎回
2017-10-12,1.0160,1.0160,0.89%,开放申购,开放赎回
2017-10-13,1.0150,1.0150,-0.10%,开放申购,开放赎回
2017-10-16,1.0060,1.0060,-0.89%,开放申购,开放赎回
2017-10-17,1.0070,1.0070,0.10%,开放申购,开放赎回
2017-10-18,1.0200,1.0200,1.29%,开放申购,开放赎回
2017-10-19,1.0210,1.0210,0.10%,开放申购,开放赎回
2017-10-20,1.0160,1.0160,-0.49%,开放申购,开放赎回
2017-10-23,1.0240,1.0240,0.79%,开放申购,开放赎回
2017-10-24,1.0330,1.0330,0.88%,开放申购,开放赎回
2017-10-25,1.0470,1.0470,1.36%,开放申购,开放赎回
2017-10-26,1.0450,1.0450,-0.19%,开放申购,开放赎回
2017-10-27,1.0550,1.0550,0.96%,开放申购,开放赎回
2017-10-30,1.0660,1.0660,1.04%,开放申购,开放赎回
2017-10-31,1.0690,1.0690,0.28%,开放申购,开放赎回
2017-11-01,1.0680,1.0680,-0.09%,开放申购,开放赎回
2017-11-02,1.0620,1.0620,-0.56%,开放申购,开放赎回
2017-11-03,1.0670,1.0670,0.47%,开放申购,开放赎回
2017-11-06,1.0920,1.0920,2.34%,开放申购,开放赎回
2017-11-07,1.0940,1.0940,0.18%,开放申购,开放赎回
2017-11-08,1.0820,1.0820,-1.10%,开放申购,开放赎回
2017-11-09,1.1010,1.1010,1.76%,开放申购,开放赎回
2017-11-10,1.1290,1.1290,2.54%,开放申购,开放赎回
2017-11-13,1.1480,1.1480,1.68%,开放申购,开放赎回
2017-11-14,1.1390,1.1390,-0.78%,开放申购,开放赎回
2017-11-15,1.1140,1.1140,-2.19%,开放申购,开放赎回
2017-11-16,1.1260,1.1260,1.08%,开放申购,开放赎回
2017-11-17,1.1170,1.1170,-0.80%,开放申购,开放赎回
2017-11-20,1.1340,1.1340,1.52%,开放申购,开放赎回
2017-11-21,1.1540,1.1540,1.76%,开放申购,开放赎回
2017-11-22,1.1380,1.1380,-1.39%,开放申购,开放赎回
2017-11-23,1.0880,1.0880,-4.39%,开放申购,开放赎回
2017-11-24,1.0860,1.0860,-0.18%,开放申购,开放赎回
2017-11-27,1.0600,1.0600,-2.39%,开放申购,开放赎回
2017-11-28,1.0720,1.0720,1.13%,开放申购,开放赎回
2017-11-29,1.0670,1.0670,-0.47%,开放申购,开放赎回
2017-11-30,1.0520,1.0520,-1.41%,开放申购,开放赎回
2017-12-01,1.0720,1.0720,1.90%,开放申购,开放赎回
2017-12-04,1.0730,1.0730,0.09%,开放申购,开放赎回
2017-12-05,1.0600,1.0600,-1.21%,开放申购,开放赎回
2017-12-06,1.0580,1.0580,-0.19%,开放申购,开放赎回
2017-12-07,1.0480,1.0480,-0.95%,开放申购,开放赎回
2017-12-08,1.0580,1.0580,0.95%,开放申购,开放赎回
2017-12-11,1.0820,1.0820,2.27%,开放申购,开放赎回
2017-12-12,1.0820,1.0820,0.00%,开放申购,开放赎回
2017-12-13,1.0950,1.0950,1.20%,开放申购,开放赎回
2017-12-14,1.1010,1.1010,0.55%,开放申购,开放赎回
2017-12-15,1.0940,1.0940,-0.64%,开放申购,开放赎回
2017-12-18,1.0840,1.0840,-0.91%,开放申购,开放赎回
2017-12-19,1.0920,1.0920,0.74%,开放申购,开放赎回
2017-12-20,1.0850,1.0850,-0.64%,开放申购,开放赎回
2017-12-21,1.1120,1.1120,2.49%,开放申购,开放赎回
2017-12-22,1.1070,1.1070,-0.45%,开放申购,开放赎回
2017-12-25,1.0980,1.0980,-0.81%,开放申购,开放赎回
2017-12-26,1.0960,1.0960,-0.18%,开放申购,开放赎回
2017-12-27,1.0800,1.0800,-1.46%,开放申购,开放赎回
2017-12-28,1.0750,1.0750,-0.46%,开放申购,开放赎回
2017-12-29,1.0870,1.0870,1.12%,开放申购,开放赎回
2017-12-31,1.0870,1.0870,0%,开放申购,开放赎回
2018-01-02,1.0880,1.0880,0.09%,开放申购,开放赎回
2018-01-03,1.0920,1.0920,0.37%,开放申购,开放赎回
2018-01-04,1.0860,1.0860,-0.55%,开放申购,开放赎回
2018-01-05,1.0770,1.0770,-0.83%,开放申购,开放赎回
2018-01-08,1.0750,1.0750,-0.19%,开放申购,开放赎回
2018-01-09,1.0850,1.0850,0.93%,开放申购,开放赎回
2018-01-10,1.0810,1.0810,-0.37%,开放申购,开放赎回
2018-01-11,1.0810,1.0810,0.00%,开放申购,开放赎回
2018-01-12,1.0770,1.0770,-0.37%,开放申购,开放赎回
2018-01-15,1.0560,1.0560,-1.95%,开放申购,开放赎回
2018-01-16,1.0530,1.0530,-0.28%,开放申购,开放赎回
2018-01-17,1.0430,1.0430,-0.95%,开放申购,开放赎回
2018-01-18,1.0410,1.0410,-0.19%,开放申购,开放赎回
2018-01-19,1.0360,1.0360,-0.48%,开放申购,开放赎回
2018-01-22,1.0570,1.0570,2.03%,开放申购,开放赎回
2018-01-23,1.0640,1.0640,0.66%,开放申购,开放赎回
2018-01-24,1.0680,1.0680,0.38%,开放申购,开放赎回
2018-01-25,1.0610,1.0610,-0.66%,开放申购,开放赎回
2018-01-26,1.0640,1.0640,0.28%,开放申购,开放赎回
2018-01-29,1.0380,1.0380,-2.44%,开放申购,开放赎回
2018-01-30,1.0360,1.0360,-0.19%,开放申购,开放赎回
2018-01-31,1.0400,1.0400,0.39%,开放申购,开放赎回
2018-02-01,1.0240,1.0240,-1.54%,开放申购,开放赎回
2018-02-02,1.0370,1.0370,1.27%,开放申购,开放赎回
2018-02-05,1.0150,1.0150,-2.12%,开放申购,开放赎回
2018-02-06,0.9740,0.9740,-4.04%,开放申购,开放赎回
2018-02-07,0.9530,0.9530,-2.16%,开放申购,开放赎回
2018-02-08,0.9570,0.9570,0.42%,开放申购,开放赎回
2018-02-09,0.9220,0.9220,-3.66%,开放申购,开放赎回
2018-02-12,0.9580,0.9580,3.90%,开放申购,开放赎回
2018-02-13,0.9650,0.9650,0.73%,开放申购,开放赎回
2018-02-14,0.9700,0.9700,0.52%,开放申购,开放赎回
2018-02-22,0.9900,0.9900,2.06%,开放申购,开放赎回
2018-02-23,0.9860,0.9860,-0.40%,开放申购,开放赎回
2018-02-26,1.0140,1.0140,2.84%,开放申购,开放赎回
2018-02-27,1.0150,1.0150,0.10%,开放申购,开放赎回
2018-02-28,1.0100,1.0100,-0.49%,开放申购,开放赎回
2018-03-01,1.0230,1.0230,1.29%,开放申购,开放赎回
2018-03-02,1.0050,1.0050,-1.76%,开放申购,开放赎回
2018-03-05,1.0170,1.0170,1.19%,开放申购,开放赎回
2018-03-06,1.0310,1.0310,1.38%,开放申购,开放赎回
2018-03-07,1.0190,1.0190,-1.16%,开放申购,开放赎回
2018-03-08,1.0310,1.0310,1.18%,开放申购,开放赎回
2018-03-09,1.0480,1.0480,1.65%,开放申购,开放赎回
2018-03-12,1.0550,1.0550,0.67%,开放申购,开放赎回
2018-03-13,1.0400,1.0400,-1.42%,开放申购,开放赎回
2018-03-14,1.0300,1.0300,-0.96%,开放申购,开放赎回
2018-03-15,1.0320,1.0320,0.19%,开放申购,开放赎回
2018-03-16,1.0180,1.0180,-1.36%,开放申购,开放赎回
2018-03-19,1.0240,1.0240,0.59%,开放申购,开放赎回
2018-03-20,1.0350,1.0350,1.07%,开放申购,开放赎回
2018-03-21,1.0200,1.0200,-1.45%,开放申购,开放赎回
2018-03-22,1.0080,1.0080,-1.18%,开放申购,开放赎回
2018-03-23,0.9770,0.9770,-3.08%,开放申购,开放赎回
2018-03-26,0.9880,0.9880,1.13%,开放申购,开放赎回
2018-03-27,1.0100,1.0100,2.23%,开放申购,开放赎回
2018-03-28,1.0050,1.0050,-0.50%,开放申购,开放赎回
2018-03-29,1.0030,1.0030,-0.20%,开放申购,开放赎回
2018-03-30,1.0330,1.0330,2.99%,开放申购,开放赎回
2018-04-02,1.0430,1.0430,0.97%,开放申购,开放赎回
2018-04-03,1.0370,1.0370,-0.58%,开放申购,开放赎回
2018-04-04,1.0100,1.0100,-2.60%,开放申购,开放赎回
2018-04-09,1.0160,1.0160,0.59%,开放申购,开放赎回
2018-04-10,1.0110,1.0110,-0.49%,开放申购,开放赎回
2018-04-11,1.0150,1.0150,0.40%,开放申购,开放赎回
2018-04-12,1.0120,1.0120,-0.30%,开放申购,开放赎回
2018-04-13,1.0160,1.0160,0.40%,开放申购,开放赎回
2018-04-16,1.0320,1.0320,1.57%,开放申购,开放赎回
2018-04-17,0.9900,0.9900,-4.07%,开放申购,开放赎回
2018-04-18,1.0310,1.0310,4.14%,开放申购,开放赎回
2018-04-19,1.0200,1.0200,-1.07%,开放申购,开放赎回
2018-04-20,0.9960,0.9960,-2.35%,开放申购,开放赎回
2018-04-23,0.9680,0.9680,-2.81%,开放申购,开放赎回
2018-04-24,1.0010,1.0010,3.41%,开放申购,开放赎回
2018-04-25,0.9970,0.9970,-0.40%,开放申购,开放赎回
2018-04-26,0.9820,0.9820,-1.50%,开放申购,开放赎回
2018-04-27,0.9820,0.9820,0.00%,开放申购,开放赎回
2018-05-02,0.9720,0.9720,-1.02%,开放申购,开放赎回
2018-05-03,0.9840,0.9840,1.23%,开放申购,开放赎回
2018-05-04,0.9740,0.9740,-1.02%,开放申购,开放赎回
2018-05-07,1.0040,1.0040,3.08%,开放申购,开放赎回
2018-05-08,1.0020,1.0020,-0.20%,开放申购,开放赎回
2018-05-09,0.9960,0.9960,-0.60%,开放申购,开放赎回
2018-05-10,0.9830,0.9830,-1.31%,开放申购,开放赎回
2018-05-11,0.9660,0.9660,-1.73%,开放申购,开放赎回
2018-05-14,0.9490,0.9490,-1.76%,开放申购,开放赎回
2018-05-15,0.9740,0.9740,2.63%,开放申购,开放赎回
2018-05-16,0.9640,0.9640,-1.03%,开放申购,开放赎回
2018-05-17,0.9520,0.9520,-1.24%,开放申购,开放赎回
2018-05-18,0.9540,0.9540,0.21%,开放申购,开放赎回
2018-05-21,0.9750,0.9750,2.20%,开放申购,开放赎回
2018-05-22,0.9760,0.9760,0.10%,开放申购,开放赎回
2018-05-23,0.9680,0.9680,-0.82%,开放申购,开放赎回
2018-05-24,0.9660,0.9660,-0.21%,开放申购,开放赎回
2018-05-25,0.9440,0.9440,-2.28%,开放申购,开放赎回
2018-05-28,0.9280,0.9280,-1.69%,开放申购,开放赎回
2018-05-29,0.9200,0.9200,-0.86%,开放申购,开放赎回
2018-05-30,0.9070,0.9070,-1.41%,开放申购,开放赎回
2018-05-31,0.9110,0.9110,0.44%,开放申购,开放赎回
2018-06-01,0.8950,0.8950,-1.76%,开放申购,开放赎回
2018-06-04,0.8790,0.8790,-1.79%,开放申购,开放赎回
2018-06-05,0.9000,0.9000,2.39%,开放申购,开放赎回
2018-06-06,0.8940,0.8940,-0.67%,开放申购,开放赎回
2018-06-07,0.8860,0.8860,-0.89%,开放申购,开放赎回
2018-06-08,0.8860,0.8860,0.00%,开放申购,开放赎回
2018-06-11,0.8840,0.8840,-0.23%,开放申购,开放赎回
2018-06-12,0.8900,0.8900,0.68%,开放申购,开放赎回
2018-06-13,0.8840,0.8840,-0.67%,开放申购,开放赎回
2018-06-14,0.8750,0.8750,-1.02%,开放申购,开放赎回
2018-06-15,0.8590,0.8590,-1.83%,开放申购,开放赎回
2018-06-19,0.8230,0.8230,-4.19%,开放申购,开放赎回
2018-06-20,0.8340,0.8340,1.34%,开放申购,开放赎回
2018-06-21,0.8040,0.8040,-3.60%,开放申购,开放赎回
2018-06-22,0.8210,0.8210,2.11%,开放申购,开放赎回
2018-06-25,0.8210,0.8210,0.00%,开放申购,开放赎回
2018-06-26,0.8490,0.8490,3.41%,开放申购,开放赎回
2018-06-27,0.8500,0.8500,0.12%,开放申购,开放赎回
2018-06-28,0.8450,0.8450,-0.59%,开放申购,开放赎回
2018-06-29,0.8800,0.8800,4.14%,开放申购,开放赎回
2018-06-30,0.8800,0.8800,0%,开放申购,开放赎回
2018-07-02,0.8750,0.8750,-0.57%,开放申购,开放赎回
2018-07-03,0.8910,0.8910,1.83%,开放申购,开放赎回
2018-07-04,0.8670,0.8670,-2.69%,开放申购,开放赎回
2018-07-05,0.8580,0.8580,-1.04%,开放申购,开放赎回
2018-07-06,0.8600,0.8600,0.23%,开放申购,开放赎回
2018-07-09,0.8810,0.8810,2.44%,开放申购,开放赎回
2018-07-10,0.8830,0.8830,0.23%,开放申购,开放赎回
2018-07-11,0.8660,0.8660,-1.93%,开放申购,开放赎回
2018-07-12,0.8920,0.8920,3.00%,开放申购,开放赎回
2018-07-13,0.8890,0.8890,-0.34%,开放申购,开放赎回
2018-07-16,0.8920,0.8920,0.34%,开放申购,开放赎回
2018-07-17,0.8880,0.8880,-0.45%,开放申购,开放赎回
2018-07-18,0.8840,0.8840,-0.45%,开放申购,开放赎回
2018-07-19,0.8760,0.8760,-0.91%,开放申购,开放赎回
2018-07-20,0.8970,0.8970,2.40%,开放申购,开放赎回
2018-07-23,0.9220,0.9220,2.79%,开放申购,开放赎回
2018-07-24,0.9240,0.9240,0.22%,开放申购,开放赎回
2018-07-25,0.9280,0.9280,0.43%,开放申购,开放赎回
2018-07-26,0.9020,0.9020,-2.80%,开放申购,开放赎回
2018-07-27,0.8940,0.8940,-0.89%,开放申购,开放赎回
2018-07-30,0.8790,0.8790,-1.68%,开放申购,开放赎回
2018-07-31,0.8750,0.8750,-0.46%,开放申购,开放赎回
2018-08-01,0.8710,0.8710,-0.46%,开放申购,开放赎回
2018-08-02,0.8560,0.8560,-1.72%,开放申购,开放赎回
2018-08-03,0.8310,0.8310,-2.92%,开放申购,开放赎回
2018-08-06,0.8130,0.8130,-2.17%,开放申购,开放赎回
2018-08-07,0.8350,0.8350,2.71%,开放申购,开放赎回
2018-08-08,0.8210,0.8210,-1.68%,开放申购,开放赎回
2018-08-09,0.8540,0.8540,4.02%,开放申购,开放赎回
2018-08-10,0.8640,0.8640,1.17%,开放申购,开放赎回
2018-08-13,0.8830,0.8830,2.20%,开放申购,开放赎回
2018-08-14,0.8690,0.8690,-1.59%,开放申购,开放赎回
2018-08-15,0.8530,0.8530,-1.84%,开放申购,开放赎回
2018-08-16,0.8480,0.8480,-0.59%,开放申购,开放赎回
2018-08-17,0.8370,0.8370,-1.30%,开放申购,开放赎回
2018-08-20,0.8520,0.8520,1.79%,开放申购,开放赎回
2018-08-21,0.8530,0.8530,0.12%,开放申购,开放赎回
2018-08-22,0.8390,0.8390,-1.64%,开放申购,开放赎回
2018-08-23,0.8580,0.8580,2.26%,开放申购,开放赎回
2018-08-24,0.8580,0.8580,0.00%,开放申购,开放赎回
2018-08-27,0.8830,0.8830,2.91%,开放申购,开放赎回
2018-08-28,0.8810,0.8810,-0.23%,开放申购,开放赎回
2018-08-29,0.8750,0.8750,-0.68%,开放申购,开放赎回
2018-08-30,0.8580,0.8580,-1.94%,开放申购,开放赎回
2018-08-31,0.8520,0.8520,-0.70%,开放申购,开放赎回
2018-09-03,0.8650,0.8650,1.53%,开放申购,开放赎回
2018-09-04,0.8840,0.8840,2.20%,开放申购,开放赎回
2018-09-05,0.8670,0.8670,-1.92%,开放申购,开放赎回
2018-09-06,0.8670,0.8670,0.00%,开放申购,开放赎回
2018-09-07,0.8430,0.8430,-2.77%,开放申购,开放赎回
2018-09-10,0.8200,0.8200,-2.73%,开放申购,开放赎回
2018-09-11,0.8270,0.8270,0.85%,开放申购,开放赎回
2018-09-12,0.8200,0.8200,-0.85%,开放申购,开放赎回
2018-09-13,0.8290,0.8290,1.10%,开放申购,开放赎回
2018-09-14,0.7980,0.7980,-3.74%,开放申购,开放赎回
2018-09-17,0.7880,0.7880,-1.25%,开放申购,开放赎回
2018-09-18,0.8060,0.8060,2.28%,开放申购,开放赎回
2018-09-19,0.8170,0.8170,1.36%,开放申购,开放赎回
2018-09-20,0.8140,0.8140,-0.37%,开放申购,开放赎回
2018-09-21,0.8170,0.8170,0.37%,开放申购,开放赎回
2018-09-25,0.8200,0.8200,0.37%,开放申购,开放赎回
2018-09-26,0.8230,0.8230,0.37%,开放申购,开放赎回
2018-09-27,0.8140,0.8140,-1.09%,开放申购,开放赎回
2018-09-28,0.8130,0.8130,-0.12%,开放申购,开放赎回
2018-10-08,0.7860,0.7860,-3.32%,开放申购,开放赎回
2018-10-09,0.7740,0.7740,-1.53%,开放申购,开放赎回
2018-10-10,0.7700,0.7700,-0.52%,开放申购,开放赎回
2018-10-11,0.7300,0.7300,-5.19%,开放申购,开放赎回
2018-10-12,0.7410,0.7410,1.51%,开放申购,开放赎回
2018-10-15,0.7390,0.7390,-0.27%,开放申购,开放赎回
2018-10-16,0.7240,0.7240,-2.03%,开放申购,开放赎回
2018-10-17,0.7400,0.7400,2.21%,开放申购,开放赎回
2018-10-18,0.7360,0.7360,-0.54%,开放申购,开放赎回
2018-10-19,0.7560,0.7560,2.72%,开放申购,开放赎回
2018-10-22,0.7760,0.7760,2.65%,开放申购,开放赎回
2018-10-23,0.7650,0.7650,-1.42%,开放申购,开放赎回
2018-10-24,0.7620,0.7620,-0.39%,开放申购,开放赎回
2018-10-25,0.7510,0.7510,-1.44%,开放申购,开放赎回
2018-10-26,0.7400,0.7400,-1.46%,开放申购,开放赎回
2018-10-29,0.7350,0.7350,-0.68%,开放申购,开放赎回
2018-10-30,0.7400,0.7400,0.68%,开放申购,开放赎回
2018-10-31,0.7440,0.7440,0.54%,开放申购,开放赎回
2018-11-01,0.7460,0.7460,0.27%,开放申购,开放赎回
2018-11-02,0.7620,0.7620,2.14%,开放申购,开放赎回
2018-11-05,0.7610,0.7610,-0.13%,开放申购,开放赎回
2018-11-06,0.7590,0.7590,-0.26%,开放申购,开放赎回
2018-11-07,0.7580,0.7580,-0.13%,开放申购,开放赎回
2018-11-08,0.7520,0.7520,-0.79%,开放申购,开放赎回
2018-11-09,0.7540,0.7540,0.27%,开放申购,开放赎回
2018-11-12,0.7680,0.7680,1.86%,开放申购,开放赎回
2018-11-13,0.7700,0.7700,0.26%,开放申购,开放赎回
2018-11-14,0.7690,0.7690,-0.13%,开放申购,开放赎回
2018-11-15,0.7760,0.7760,0.91%,开放申购,开放赎回
2018-11-16,0.7800,0.7800,0.52%,开放申购,开放赎回
2018-11-19,0.7770,0.7770,-0.38%,开放申购,开放赎回
2018-11-20,0.7700,0.7700,-0.90%,开放申购,开放赎回
2018-11-21,0.7680,0.7680,-0.26%,开放申购,开放赎回
2018-11-22,0.7670,0.7670,-0.13%,开放申购,开放赎回
2018-11-23,0.7580,0.7580,-1.17%,开放申购,开放赎回
2018-11-26,0.7570,0.7570,-0.13%,开放申购,开放赎回
2018-11-27,0.7600,0.7600,0.40%,开放申购,开放赎回
2018-11-28,0.7630,0.7630,0.39%,开放申购,开放赎回
2018-11-29,0.7560,0.7560,-0.92%,开放申购,开放赎回
2018-11-30,0.7590,0.7590,0.40%,开放申购,开放赎回
2018-12-03,0.7670,0.7670,1.05%,开放申购,开放赎回
2018-12-04,0.7650,0.7650,-0.26%,开放申购,开放赎回
2018-12-05,0.7650,0.7650,0.00%,开放申购,开放赎回
2018-12-06,0.7580,0.7580,-0.92%,开放申购,开放赎回
2018-12-07,0.7600,0.7600,0.26%,开放申购,开放赎回
2018-12-10,0.7590,0.7590,-0.13%,开放申购,开放赎回
2018-12-11,0.7590,0.7590,0.00%,开放申购,开放赎回
2018-12-12,0.7580,0.7580,-0.13%,开放申购,开放赎回
2018-12-13,0.7610,0.7610,0.40%,开放申购,开放赎回
2018-12-14,0.7570,0.7570,-0.53%,开放申购,开放赎回
2018-12-17,0.7510,0.7510,-0.79%,开放申购,开放赎回
2018-12-18,0.7500,0.7500,-0.13%,开放申购,开放赎回
2018-12-19,0.7470,0.7470,-0.40%,开放申购,开放赎回
2018-12-20,0.7480,0.7480,0.13%,开放申购,开放赎回
2018-12-21,0.7480,0.7480,0.00%,开放申购,开放赎回
2018-12-24,0.7520,0.7520,0.53%,开放申购,开放赎回
2018-12-25,0.7530,0.7530,0.13%,开放申购,开放赎回
2018-12-26,0.7530,0.7530,0.00%,开放申购,开放赎回
2018-12-27,0.7520,0.7520,-0.13%,开放申购,开放赎回
2018-12-28,0.7500,0.7500,-0.27%,开放申购,开放赎回
2018-12-31,0.7510,0.7510,0%,开放申购,开放赎回
2019-01-02,0.7470,0.7470,-0.40%,开放申购,开放赎回
2019-01-03,0.7470,0.7470,0.00%,开放申购,开放赎回
2019-01-04,0.7530,0.7530,0.80%,开放申购,开放赎回
2019-01-07,0.7580,0.7580,0.66%,开放申购,开放赎回
2019-01-08,0.7560,0.7560,-0.26%,开放申购,开放赎回
2019-01-09,0.7550,0.7550,-0.13%,开放申购,开放赎回
2019-01-10,0.7560,0.7560,0.13%,开放申购,开放赎回
2019-01-11,0.7540,0.7540,-0.26%,开放申购,开放赎回
2019-01-14,0.7530,0.7530,-0.13%,开放申购,开放赎回
2019-01-15,0.7560,0.7560,0.40%,开放申购,开放赎回
2019-01-16,0.7570,0.7570,0.13%,开放申购,开放赎回
2019-01-17,0.7530,0.7530,-0.53%,开放申购,开放赎回
2019-01-18,0.7560,0.7560,0.40%,开放申购,开放赎回
2019-01-21,0.7570,0.7570,0.13%,开放申购,开放赎回
2019-01-22,0.7540,0.7540,-0.40%,开放申购,开放赎回
2019-01-23,0.7530,0.7530,-0.13%,开放申购,开放赎回
2019-01-24,0.7560,0.7560,0.40%,开放申购,开放赎回
2019-01-25,0.7540,0.7540,-0.26%,开放申购,开放赎回
2019-01-28,0.7540,0.7540,0.00%,开放申购,开放赎回
2019-01-29,0.7560,0.7560,0.27%,开放申购,开放赎回
2019-01-30,0.7550,0.7550,-0.13%,开放申购,开放赎回
2019-01-31,0.7470,0.7470,-1.06%,开放申购,开放赎回
2019-02-01,0.7500,0.7500,0.40%,开放申购,开放赎回
2019-02-11,0.7550,0.7550,0.67%,开放申购,开放赎回
2019-02-12,0.7550,0.7550,0.00%,开放申购,开放赎回
2019-02-13,0.7560,0.7560,0.13%,开放申购,开放赎回
2019-02-14,0.7560,0.7560,0.00%,开放申购,开放赎回
2019-02-15,0.7550,0.7550,-0.13%,开放申购,开放赎回
2019-02-18,0.7590,0.7590,0.53%,开放申购,开放赎回
2019-02-19,0.7580,0.7580,-0.13%,开放申购,开放赎回
2019-02-20,0.7580,0.7580,0.00%,开放申购,开放赎回
2019-02-21,0.7570,0.7570,-0.13%,开放申购,开放赎回
2019-02-22,0.7630,0.7630,0.79%,开放申购,开放赎回
2019-02-25,0.7730,0.7730,1.31%,开放申购,开放赎回
2019-02-26,0.7740,0.7740,0.13%,开放申购,开放赎回
2019-02-27,0.7720,0.7720,-0.26%,开放申购,开放赎回
2019-02-28,0.7720,0.7720,0.00%,开放申购,开放赎回
2019-03-01,0.7730,0.7730,0.13%,开放申购,开放赎回
2019-03-04,0.7740,0.7740,0.13%,开放申购,开放赎回
2019-03-05,0.7760,0.7760,0.26%,开放申购,开放赎回
2019-03-06,0.7770,0.7770,0.13%,开放申购,开放赎回
2019-03-07,0.7830,0.7830,0.77%,开放申购,开放赎回
2019-03-08,0.7770,0.7770,-0.77%,开放申购,开放赎回
2019-03-11,0.7790,0.7790,0.26%,开放申购,开放赎回
2019-03-12,0.7840,0.7840,0.64%,开放申购,开放赎回
2019-03-13,0.7770,0.7770,-0.89%,开放申购,开放赎回
2019-03-14,0.7730,0.7730,-0.51%,开放申购,开放赎回
2019-03-15,0.7730,0.7730,0.00%,开放申购,开放赎回
2019-03-18,0.7750,0.7750,0.26%,开放申购,开放赎回
2019-03-19,0.7760,0.7760,0.13%,开放申购,开放赎回
2019-03-20,0.7750,0.7750,-0.13%,开放申购,开放赎回
2019-03-21,0.7780,0.7780,0.39%,开放申购,开放赎回
2019-03-22,0.7770,0.7770,-0.13%,开放申购,开放赎回
2019-03-25,0.7750,0.7750,-0.26%,开放申购,开放赎回
2019-03-26,0.7740,0.7740,-0.13%,开放申购,开放赎回
2019-03-27,0.7730,0.7730,-0.13%,开放申购,开放赎回
2019-03-28,0.7730,0.7730,0.00%,开放申购,开放赎回
2019-03-29,0.7780,0.7780,0.65%,开放申购,开放赎回
2019-04-01,0.7900,0.7900,1.54%,开放申购,开放赎回
2019-04-02,0.7890,0.7890,-0.13%,开放申购,开放赎回
2019-04-03,0.7940,0.7940,0.63%,开放申购,开放赎回
2019-04-04,0.7960,0.7960,0.25%,开放申购,开放赎回
2019-04-08,0.7910,0.7910,-0.63%,开放申购,开放赎回
2019-04-09,0.7950,0.7950,0.51%,开放申购,开放赎回
2019-04-10,0.7930,0.7930,-0.25%,开放申购,开放赎回
2019-04-11,0.7830,0.7830,-1.26%,开放申购,开放赎回
2019-04-12,0.7800,0.7800,-0.38%,开放申购,开放赎回
2019-04-15,0.7750,0.7750,-0.64%,开放申购,开放赎回
2019-04-16,0.7880,0.7880,1.68%,开放申购,开放赎回
2019-04-17,0.7900,0.7900,0.25%,开放申购,开放赎回
2019-04-18,0.7870,0.7870,-0.38%,开放申购,开放赎回
2019-04-19,0.8010,0.8010,1.78%,开放申购,开放赎回
2019-04-22,0.7850,0.7850,-2.00%,开放申购,开放赎回
2019-04-23,0.7830,0.7830,-0.25%,开放申购,开放赎回
2019-04-24,0.7860,0.7860,0.38%,开放申购,开放赎回
2019-04-25,0.7730,0.7730,-1.65%,开放申购,开放赎回
2019-04-26,0.7700,0.7700,-0.39%,开放申购,开放赎回
2019-04-29,0.7710,0.7710,0.13%,开放申购,开放赎回
2019-04-30,0.7740,0.7740,0.39%,开放申购,开放赎回
2019-05-06,0.7340,0.7340,-5.17%,开放申购,开放赎回
2019-05-07,0.7400,0.7400,0.82%,开放申购,开放赎回
2019-05-08,0.7310,0.7310,-1.22%,开放申购,开放赎回
2019-05-09,0.7190,0.7190,-1.64%,开放申购,开放赎回
2019-05-10,0.7440,0.7440,3.48%,开放申购,开放赎回
2019-05-13,0.7310,0.7310,-1.75%,开放申购,开放赎回
2019-05-14,0.7300,0.7300,-0.14%,开放申购,开放赎回
2019-05-15,0.7450,0.7450,2.05%,开放申购,开放赎回
2019-05-16,0.7450,0.7450,0.00%,开放申购,开放赎回
2019-05-17,0.7290,0.7290,-2.15%,开放申购,开放赎回
2019-05-20,0.7230,0.7230,-0.82%,开放申购,开放赎回
2019-05-21,0.7310,0.7310,1.11%,开放申购,开放赎回
2019-05-22,0.7280,0.7280,-0.41%,开放申购,开放赎回
2019-05-23,0.7130,0.7130,-2.06%,开放申购,开放赎回
2019-05-24,0.7140,0.7140,0.14%,开放申购,开放赎回
2019-05-27,0.7220,0.7220,1.12%,开放申购,开放赎回
2019-05-28,0.7270,0.7270,0.69%,开放申购,开放赎回
2019-05-29,0.7270,0.7270,0.00%,开放申购,开放赎回
2019-05-30,0.7220,0.7220,-0.69%,开放申购,开放赎回
2019-05-31,0.7200,0.7200,-0.28%,开放申购,开放赎回
2019-06-03,0.7180,0.7180,-0.28%,开放申购,开放赎回
2019-06-04,0.7090,0.7090,-1.25%,开放申购,开放赎回
2019-06-05,0.7100,0.7100,0.14%,开放申购,开放赎回
2019-06-06,0.7040,0.7040,-0.85%,开放申购,开放赎回
2019-06-10,0.7140,0.7140,1.42%,开放申购,开放赎回
2019-06-11,0.7340,0.7340,2.80%,开放申购,开放赎回
2019-06-12,0.7260,0.7260,-1.09%,开放申购,开放赎回
2019-06-13,0.7270,0.7270,0.14%,开放申购,开放赎回
2019-06-14,0.7210,0.7210,-0.83%,开放申购,开放赎回
2019-06-17,0.7190,0.7190,-0.28%,开放申购,开放赎回
2019-06-18,0.7210,0.7210,0.28%,开放申购,开放赎回
2019-06-19,0.7340,0.7340,1.80%,开放申购,开放赎回
2019-06-20,0.7530,0.7530,2.59%,开放申购,开放赎回
2019-06-21,0.7580,0.7580,0.66%,开放申购,开放赎回
2019-06-24,0.7590,0.7590,0.13%,开放申购,开放赎回
2019-06-25,0.7540,0.7540,-0.66%,开放申购,开放赎回
2019-06-26,0.7550,0.7550,0.13%,开放申购,开放赎回
2019-06-27,0.7690,0.7690,1.85%,开放申购,开放赎回
2019-06-28,0.7700,0.7700,0.13%,开放申购,开放赎回
2019-06-30,0.7700,0.7700,0%,开放申购,开放赎回
2019-07-01,0.7900,0.7900,2.60%,开放申购,开放赎回
2019-07-02,0.7900,0.7900,0.00%,开放申购,开放赎回
2019-07-03,0.7790,0.7790,-1.39%,开放申购,开放赎回
2019-07-04,0.7760,0.7760,-0.39%,开放申购,开放赎回
2019-07-05,0.7790,0.7790,0.39%,开放申购,开放赎回
2019-07-08,0.7650,0.7650,-1.80%,开放申购,开放赎回
2019-07-09,0.7640,0.7640,-0.13%,开放申购,开放赎回
2019-07-10,0.7630,0.7630,-0.13%,开放申购,开放赎回
2019-07-11,0.7620,0.7620,-0.13%,开放申购,开放赎回
2019-07-12,0.7670,0.7670,0.66%,开放申购,开放赎回
2019-07-15,0.7720,0.7720,0.65%,开放申购,开放赎回
2019-07-16,0.7670,0.7670,-0.65%,开放申购,开放赎回
2019-07-17,0.7650,0.7650,-0.26%,开放申购,开放赎回
2019-07-18,0.7580,0.7580,-0.92%,开放申购,开放赎回
2019-07-19,0.7650,0.7650,0.92%,开放申购,开放赎回
2019-07-22,0.7650,0.7650,0.00%,开放申购,开放赎回
2019-07-23,0.7700,0.7700,0.65%,开放申购,开放赎回
2019-07-24,0.7750,0.7750,0.65%,开放申购,开放赎回
2019-07-25,0.7830,0.7830,1.03%,开放申购,开放赎回
2019-07-26,0.7830,0.7830,0.00%,开放申购,开放赎回
2019-07-29,0.7830,0.7830,0.00%,开放申购,开放赎回
2019-07-30,0.7850,0.7850,0.26%,开放申购,开放赎回
2019-07-31,0.7800,0.7800,-0.64%,开放申购,开放赎回
2019-08-01,0.7740,0.7740,-0.77%,开放申购,开放赎回
2019-08-02,0.7640,0.7640,-1.29%,开放申购,开放赎回
2019-08-05,0.7510,0.7510,-1.70%,开放申购,开放赎回
2019-08-06,0.7450,0.7450,-0.80%,开放申购,开放赎回
2019-08-07,0.7420,0.7420,-0.40%,开放申购,开放赎回
2019-08-08,0.7520,0.7520,1.35%,开放申购,开放赎回
2019-08-09,0.7480,0.7480,-0.53%,开放申购,开放赎回
2019-08-12,0.7610,0.7610,1.74%,开放申购,开放赎回
2019-08-13,0.7550,0.7550,-0.79%,开放申购,开放赎回
2019-08-14,0.7560,0.7560,0.13%,开放申购,开放赎回
2019-08-15,0.7600,0.7600,0.53%,开放申购,开放赎回
2019-08-16,0.7640,0.7640,0.53%,开放申购,开放赎回
2019-08-19,0.7840,0.7840,2.62%,开放申购,开放赎回
2019-08-20,0.7790,0.7790,-0.64%,开放申购,开放赎回
2019-08-21,0.7800,0.7800,0.13%,开放申购,开放赎回
2019-08-22,0.7830,0.7830,0.38%,开放申购,开放赎回
2019-08-23,0.7870,0.7870,0.51%,开放申购,开放赎回
2019-08-26,0.7750,0.7750,-1.52%,开放申购,开放赎回
2019-08-27,0.7870,0.7870,1.55%,开放申购,开放赎回
2019-08-28,0.7790,0.7790,-1.02%,开放申购,开放赎回
2019-08-29,0.7750,0.7750,-0.51%,开放申购,开放赎回
2019-08-30,0.7750,0.7750,0.00%,开放申购,开放赎回
2019-09-02,0.7870,0.7870,1.55%,开放申购,开放赎回
2019-09-03,0.7890,0.7890,0.25%,开放申购,开放赎回
2019-09-04,0.7940,0.7940,0.63%,开放申购,开放赎回
2019-09-05,0.7980,0.7980,0.50%,开放申购,开放赎回
2019-09-06,0.8040,0.8040,0.75%,开放申购,开放赎回
2019-09-09,0.8110,0.8110,0.87%,开放申购,开放赎回
2019-09-10,0.8090,0.8090,-0.25%,开放申购,开放赎回
2019-09-11,0.8030,0.8030,-0.74%,开放申购,开放赎回
2019-09-12,0.8120,0.8120,1.12%,开放申购,开放赎回
2019-09-16,0.8100,0.8100,-0.25%,开放申购,开放赎回
2019-09-17,0.7960,0.7960,-1.73%,开放申购,开放赎回
2019-09-18,0.7990,0.7990,0.38%,开放申购,开放赎回
2019-09-19,0.8030,0.8030,0.50%,开放申购,开放赎回
2019-09-20,0.8040,0.8040,0.12%,开放申购,开放赎回
2019-09-23,0.7950,0.7950,-1.12%,开放申购,开放赎回
2019-09-24,0.7970,0.7970,0.25%,开放申购,开放赎回
2019-09-25,0.7900,0.7900,-0.88%,开放申购,开放赎回
2019-09-26,0.7870,0.7870,-0.38%,开放申购,开放赎回
2019-09-27,0.7880,0.7880,0.13%,开放申购,开放赎回
2019-09-30,0.7810,0.7810,-0.89%,开放申购,开放赎回
2019-10-08,0.7840,0.7840,0.38%,开放申购,开放赎回
2019-10-09,0.7840,0.7840,0.00%,开放申购,开放赎回
2019-10-10,0.7890,0.7890,0.64%,开放申购,开放赎回
2019-10-11,0.7960,0.7960,0.89%,开放申购,开放赎回
2019-10-14,0.8030,0.8030,0.88%,开放申购,开放赎回
2019-10-15,0.7970,0.7970,-0.75%,开放申购,开放赎回
2019-10-16,0.7970,0.7970,0.00%,开放申购,开放赎回
2019-10-17,0.7990,0.7990,0.25%,开放申购,开放赎回
2019-10-18,0.7920,0.7920,-0.88%,开放申购,开放赎回
2019-10-21,0.7930,0.7930,0.13%,开放申购,开放赎回
2019-10-22,0.7980,0.7980,0.63%,开放申购,开放赎回
2019-10-23,0.7900,0.7900,-1.00%,开放申购,开放赎回
2019-10-24,0.7880,0.7880,-0.25%,开放申购,开放赎回
2019-10-25,0.7920,0.7920,0.51%,开放申购,开放赎回
2019-10-28,0.8000,0.8000,1.01%,开放申购,开放赎回
2019-10-29,0.7980,0.7980,-0.25%,开放申购,开放赎回
2019-10-30,0.7960,0.7960,-0.25%,开放申购,开放赎回
2019-10-31,0.7940,0.7940,-0.25%,开放申购,开放赎回
2019-11-01,0.8090,0.8090,1.89%,开放申购,开放赎回
2019-11-04,0.8160,0.8160,0.87%,开放申购,开放赎回
2019-11-05,0.8210,0.8210,0.61%,开放申购,开放赎回
2019-11-06,0.8180,0.8180,-0.37%,开放申购,开放赎回
2019-11-07,0.8210,0.8210,0.37%,开放申购,开放赎回
2019-11-08,0.8210,0.8210,0.00%,开放申购,开放赎回
2019-11-11,0.8070,0.8070,-1.71%,开放申购,开放赎回
2019-11-12,0.8060,0.8060,-0.12%,开放申购,开放赎回
2019-11-13,0.8040,0.8040,-0.25%,开放申购,开放赎回
2019-11-14,0.8050,0.8050,0.12%,开放申购,开放赎回
2019-11-15,0.8010,0.8010,-0.50%,开放申购,开放赎回
2019-11-18,0.8070,0.8070,0.75%,开放申购,开放赎回
2019-11-19,0.8150,0.8150,0.99%,开放申购,开放赎回
2019-11-20,0.8080,0.8080,-0.86%,开放申购,开放赎回
2019-11-21,0.8070,0.8070,-0.12%,开放申购,开放赎回
2019-11-22,0.8050,0.8050,-0.25%,开放申购,开放赎回
2019-11-25,0.8160,0.8160,1.37%,开放申购,开放赎回
2019-11-26,0.8170,0.8170,0.12%,开放申购,开放赎回
2019-11-27,0.8130,0.8130,-0.49%,开放申购,开放赎回
2019-11-28,0.8110,0.8110,-0.25%,开放申购,开放赎回
2019-11-29,0.8060,0.8060,-0.62%,开放申购,开放赎回
2019-12-02,0.8080,0.8080,0.25%,开放申购,开放赎回
2019-12-03,0.8130,0.8130,0.62%,开放申购,开放赎回
2019-12-04,0.8130,0.8130,0.00%,开放申购,开放赎回
2019-12-05,0.8170,0.8170,0.49%,开放申购,开放赎回
2019-12-06,0.8190,0.8190,0.24%,开放申购,开放赎回
2019-12-09,0.8200,0.8200,0.12%,开放申购,开放赎回
2019-12-10,0.8210,0.8210,0.12%,开放申购,开放赎回
2019-12-11,0.8240,0.8240,0.37%,开放申购,开放赎回
2019-12-12,0.8220,0.8220,-0.24%,开放申购,开放赎回
2019-12-13,0.8380,0.8380,1.95%,开放申购,开放赎回
2019-12-16,0.8450,0.8450,0.84%,开放申购,开放赎回
2019-12-17,0.8570,0.8570,1.42%,开放申购,开放赎回
2019-12-18,0.8570,0.8570,0.00%,开放申购,开放赎回
2019-12-19,0.8580,0.8580,0.12%,开放申购,开放赎回
2019-12-20,0.8550,0.8550,-0.35%,开放申购,开放赎回
2019-12-23,0.8460,0.8460,-1.05%,开放申购,开放赎回
2019-12-24,0.8510,0.8510,0.59%,开放申购,开放赎回
2019-12-25,0.8500,0.8500,-0.12%,开放申购,开放赎回
2019-12-26,0.8580,0.8580,0.94%,开放申购,开放赎回
2019-12-27,0.8570,0.8570,-0.12%,开放申购,开放赎回
2019-12-30,0.8680,0.8680,1.28%,开放申购,开放赎回
2019-12-31,0.8700,0.8700,0.23%,开放申购,开放赎回
2020-01-02,0.8860,0.8860,1.84%,开放申购,开放赎回
2020-01-03,0.8850,0.8850,-0.11%,开放申购,开放赎回
2020-01-06,0.8790,0.8790,-0.68%,开放申购,开放赎回
2020-01-07,0.8870,0.8870,0.91%,开放申购,开放赎回
2020-01-08,0.8790,0.8790,-0.90%,开放申购,开放赎回
2020-01-09,0.8910,0.8910,1.37%,开放申购,开放赎回
2020-01-10,0.8890,0.8890,-0.22%,开放申购,开放赎回
2020-01-13,0.8960,0.8960,0.79%,开放申购,开放赎回
2020-01-14,0.8950,0.8950,-0.11%,开放申购,开放赎回
2020-01-15,0.8880,0.8880,-0.78%,开放申购,开放赎回
2020-01-16,0.8860,0.8860,-0.23%,开放申购,开放赎回
2020-01-17,0.8840,0.8840,-0.23%,开放申购,开放赎回
2020-01-20,0.8860,0.8860,0.23%,开放申购,开放赎回
2020-01-21,0.8700,0.8700,-1.81%,开放申购,开放赎回
2020-01-22,0.8730,0.8730,0.34%,开放申购,开放赎回
2020-01-23,0.8470,0.8470,-2.98%,开放申购,开放赎回
2020-02-03,0.7870,0.7870,-7.08%,开放申购,开放赎回
2020-02-04,0.8060,0.8060,2.41%,开放申购,开放赎回
2020-02-05,0.8160,0.8160,1.24%,开放申购,开放赎回
2020-02-06,0.8300,0.8300,1.72%,开放申购,开放赎回
2020-02-07,0.8320,0.8320,0.24%,开放申购,开放赎回
2020-02-10,0.8380,0.8380,0.72%,开放申购,开放赎回
2020-02-11,0.8420,0.8420,0.48%,开放申购,开放赎回
2020-02-12,0.8490,0.8490,0.83%,开放申购,开放赎回
2020-02-13,0.8440,0.8440,-0.59%,开放申购,开放赎回
2020-02-14,0.8500,0.8500,0.71%,开放申购,开放赎回
2020-02-17,0.8680,0.8680,2.12%,开放申购,开放赎回
2020-02-18,0.8630,0.8630,-0.58%,开放申购,开放赎回
2020-02-19,0.8630,0.8630,0.00%,开放申购,开放赎回
2020-02-20,0.8780,0.8780,1.74%,开放申购,开放赎回
2020-02-21,0.8760,0.8760,-0.23%,开放申购,开放赎回
2020-02-24,0.8690,0.8690,-0.80%,开放申购,开放赎回
2020-02-25,0.8650,0.8650,-0.46%,开放申购,开放赎回
2020-02-26,0.8560,0.8560,-1.04%,开放申购,开放赎回
2020-02-27,0.8600,0.8600,0.47%,开放申购,开放赎回
2020-02-28,0.8300,0.8300,-3.49%,开放申购,开放赎回
2020-03-02,0.8530,0.8530,2.77%,开放申购,开放赎回
2020-03-03,0.8570,0.8570,0.47%,开放申购,开放赎回
2020-03-04,0.8620,0.8620,0.58%,开放申购,开放赎回
2020-03-05,0.8790,0.8790,1.97%,开放申购,开放赎回
2020-03-06,0.8660,0.8660,-1.48%,开放申购,开放赎回
2020-03-09,0.8390,0.8390,-3.12%,开放申购,开放赎回
2020-03-10,0.8540,0.8540,1.79%,开放申购,开放赎回
2020-03-11,0.8440,0.8440,-1.17%,开放申购,开放赎回
2020-03-12,0.8260,0.8260,-2.13%,开放申购,开放赎回
2020-03-13,0.8140,0.8140,-1.45%,开放申购,开放赎回
2020-03-16,0.7790,0.7790,-4.30%,开放申购,开放赎回
2020-03-17,0.7730,0.7730,-0.77%,开放申购,开放赎回
2020-03-18,0.7600,0.7600,-1.68%,开放申购,开放赎回
2020-03-19,0.7480,0.7480,-1.58%,开放申购,开放赎回
2020-03-20,0.7600,0.7600,1.60%,开放申购,开放赎回
2020-03-23,0.7320,0.7320,-3.68%,开放申购,开放赎回
2020-03-24,0.7530,0.7530,2.87%,开放申购,开放赎回
2020-03-25,0.7800,0.7800,3.59%,开放申购,开放赎回
2020-03-26,0.7750,0.7750,-0.64%,开放申购,开放赎回
2020-03-27,0.7760,0.7760,0.13%,开放申购,开放赎回
2020-03-30,0.7680,0.7680,-1.03%,开放申购,开放赎回
2020-03-31,0.7740,0.7740,0.78%,开放申购,开放赎回
2020-04-01,0.7740,0.7740,0.00%,开放申购,开放赎回
2020-04-02,0.7860,0.7860,1.55%,开放申购,开放赎回
2020-04-03,0.7830,0.7830,-0.38%,开放申购,开放赎回
2020-04-07,0.8000,0.8000,2.17%,开放申购,开放赎回
2020-04-08,0.7990,0.7990,-0.13%,开放申购,开放赎回
2020-04-09,0.8030,0.8030,0.50%,开放申购,开放赎回
2020-04-10,0.7950,0.7950,-1.00%,开放申购,开放赎回
2020-04-13,0.7890,0.7890,-0.75%,开放申购,开放赎回
2020-04-14,0.8070,0.8070,2.28%,开放申购,开放赎回
2020-04-15,0.8000,0.8000,-0.87%,开放申购,开放赎回
2020-04-16,0.8030,0.8030,0.38%,开放申购,开放赎回
2020-04-17,0.8120,0.8120,1.12%,开放申购,开放赎回
2020-04-20,0.8190,0.8190,0.86%,开放申购,开放赎回
2020-04-21,0.8060,0.8060,-1.59%,开放申购,开放赎回
2020-04-22,0.8130,0.8130,0.87%,开放申购,开放赎回
2020-04-23,0.8110,0.8110,-0.25%,开放申购,开放赎回
2020-04-24,0.8040,0.8040,-0.86%,开放申购,开放赎回
2020-04-27,0.8090,0.8090,0.62%,开放申购,开放赎回
2020-04-28,0.8100,0.8100,0.12%,开放申购,开放赎回
2020-04-29,0.8190,0.8190,1.11%,开放申购,开放赎回
2020-04-30,0.8390,0.8390,2.44%,开放申购,开放赎回
2020-05-06,0.8460,0.8460,0.83%,开放申购,开放赎回
2020-05-07,0.8430,0.8430,-0.35%,开放申购,开放赎回
2020-05-08,0.8550,0.8550,1.42%,开放申购,开放赎回
2020-05-11,0.8590,0.8590,0.47%,开放申购,开放赎回
2020-05-12,0.8600,0.8600,0.12%,开放申购,开放赎回
2020-05-13,0.8630,0.8630,0.35%,开放申购,开放赎回
2020-05-14,0.8580,0.8580,-0.58%,开放申购,开放赎回
2020-05-15,0.8580,0.8580,0.00%,开放申购,开放赎回
2020-05-18,0.8570,0.8570,-0.12%,开放申购,开放赎回
2020-05-19,0.8690,0.8690,1.40%,开放申购,开放赎回
2020-05-20,0.8630,0.8630,-0.69%,开放申购,开放赎回
2020-05-21,0.8530,0.8530,-1.16%,开放申购,开放赎回
2020-05-22,0.8380,0.8380,-1.76%,开放申购,开放赎回
2020-05-25,0.8310,0.8310,-0.84%,开放申购,开放赎回
2020-05-26,0.8460,0.8460,1.81%,开放申购,开放赎回
2020-05-27,0.8440,0.8440,-0.24%,开放申购,开放赎回
2020-05-28,0.8440,0.8440,0.00%,开放申购,开放赎回
2020-05-29,0.8490,0.8490,0.59%,开放申购,开放赎回
2020-06-01,0.8750,0.8750,3.06%,开放申购,开放赎回
2020-06-02,0.8870,0.8870,1.37%,开放申购,开放赎回
2020-06-03,0.8870,0.8870,0.00%,开放申购,开放赎回
2020-06-04,0.8870,0.8870,0.00%,开放申购,开放赎回
2020-06-05,0.8850,0.8850,-0.23%,开放申购,开放赎回
2020-06-08,0.8980,0.8980,1.47%,开放申购,开放赎回
2020-06-09,0.9020,0.9020,0.45%,开放申购,开放赎回
2020-06-10,0.9010,0.9010,-0.11%,开放申购,开放赎回
2020-06-11,0.8930,0.8930,-0.89%,开放申购,开放赎回
2020-06-12,0.8900,0.8900,-0.34%,开放申购,开放赎回
2020-06-15,0.8810,0.8810,-1.01%,开放申购,开放赎回
2020-06-16,0.8950,0.8950,1.59%,开放申购,开放赎回
2020-06-17,0.8960,0.8960,0.11%,开放申购,开放赎回
2020-06-18,0.9010,0.9010,0.56%,开放申购,开放赎回
2020-06-19,0.9070,0.9070,0.67%,开放申购,开放赎回
2020-06-22,0.9080,0.9080,0.11%,开放申购,开放赎回
2020-06-23,0.9080,0.9080,0.00%,开放申购,开放赎回
2020-06-24,0.9130,0.9130,0.55%,开放申购,开放赎回
2020-06-29,0.9070,0.9070,-0.66%,开放申购,开放赎回
2020-06-30,0.9260,0.9260,2.09%,开放申购,开放赎回
2020-07-01,0.9370,0.9370,1.19%,开放申购,开放赎回
2020-07-02,0.9390,0.9390,0.21%,开放申购,开放赎回
2020-07-03,0.9410,0.9410,0.21%,开放申购,开放赎回
2020-07-06,0.9620,0.9620,2.23%,开放申购,开放赎回
2020-07-07,0.9730,0.9730,1.14%,开放申购,开放赎回
2020-07-08,0.9850,0.9850,1.23%,开放申购,开放赎回
2020-07-09,0.9950,0.9950,1.02%,开放申购,开放赎回
2020-07-10,0.9880,0.9880,-0.70%,开放申购,开放赎回
2020-07-13,1.0100,1.0100,2.23%,开放申购,开放赎回
2020-07-14,0.9980,0.9980,-1.19%,开放申购,开放赎回
2020-07-15,0.9890,0.9890,-0.90%,开放申购,开放赎回
2020-07-16,0.9560,0.9560,-3.34%,开放申购,开放赎回
2020-07-17,0.9660,0.9660,1.05%,开放申购,开放赎回
2020-07-20,0.9940,0.9940,2.90%,开放申购,开放赎回
2020-07-21,1.0030,1.0030,0.91%,开放申购,开放赎回
2020-07-22,1.0030,1.0030,0.00%,开放申购,开放赎回
2020-07-23,1.0060,1.0060,0.30%,开放申购,开放赎回
2020-07-24,0.9630,0.9630,-4.27%,开放申购,开放赎回
2020-07-27,0.9670,0.9670,0.42%,开放申购,开放赎回
2020-07-28,0.9720,0.9720,0.52%,开放申购,开放赎回
2020-07-29,0.9970,0.9970,2.57%,开放申购,开放赎回
2020-07-30,0.9910,0.9910,-0.60%,开放申购,开放赎回
2020-07-31,1.0020,1.0020,1.11%,开放申购,开放赎回
2020-08-03,1.0240,1.0240,2.20%,开放申购,开放赎回
2020-08-04,1.0230,1.0230,-0.10%,开放申购,开放赎回
2020-08-05,1.0490,1.0490,2.54%,开放申购,开放赎回
2020-08-06,1.0500,1.0500,0.10%,开放申购,开放赎回
2020-08-07,1.0440,1.0440,-0.57%,开放申购,开放赎回
2020-08-10,1.0380,1.0380,-0.57%,限制大额申购,开放赎回
2020-08-11,1.0270,1.0270,-1.06%,限制大额申购,开放赎回
2020-08-12,1.0020,1.0020,-2.43%,限制大额申购,开放赎回
2020-08-13,1.0080,1.0080,0.60%,限制大额申购,开放赎回
2020-08-14,1.0220,1.0220,1.39%,限制大额申购,开放赎回
2020-08-17,1.0320,1.0320,0.98%,限制大额申购,开放赎回
2020-08-18,1.0430,1.0430,1.07%,限制大额申购,开放赎回
2020-08-19,1.0160,1.0160,-2.59%,限制大额申购,开放赎回
2020-08-20,1.0070,1.0070,-0.89%,限制大额申购,开放赎回
2020-08-21,1.0170,1.0170,0.99%,限制大额申购,开放赎回
2020-08-24,1.0360,1.0360,1.87%,限制大额申购,开放赎回
2020-08-25,1.0400,1.0400,0.39%,限制大额申购,开放赎回
2020-08-26,1.0260,1.0260,-1.35%,限制大额申购,开放赎回
2020-08-27,1.0490,1.0490,2.24%,限制大额申购,开放赎回
2020-08-28,1.0640,1.0640,1.43%,限制大额申购,开放赎回
2020-08-31,1.0590,1.0590,-0.47%,限制大额申购,开放赎回
2020-09-01,1.0710,1.0710,1.13%,限制大额申购,开放赎回
2020-09-02,1.0710,1.0710,0.00%,限制大额申购,开放赎回
2020-09-03,1.0550,1.0550,-1.49%,限制大额申购,开放赎回
2020-09-04,1.0370,1.0370,-1.71%,限制大额申购,开放赎回
2020-09-07,1.0040,1.0040,-3.18%,限制大额申购,开放赎回
2020-09-08,1.0010,1.0010,-0.30%,限制大额申购,开放赎回
2020-09-09,0.9680,0.9680,-3.30%,限制大额申购,开放赎回
2020-09-10,0.9700,0.9700,0.21%,限制大额申购,开放赎回
2020-09-11,0.9920,0.9920,2.27%,限制大额申购,开放赎回
2020-09-14,0.9910,0.9910,-0.10%,限制大额申购,开放赎回
2020-09-15,1.0050,1.0050,1.41%,限制大额申购,开放赎回
2020-09-16,0.9950,0.9950,-1.00%,限制大额申购,开放赎回
2020-09-17,0.9900,0.9900,-0.50%,限制大额申购,开放赎回
2020-09-18,1.0050,1.0050,1.52%,限制大额申购,开放赎回
2020-09-21,0.9990,0.9990,-0.60%,限制大额申购,开放赎回
2020-09-22,0.9970,0.9970,-0.20%,限制大额申购,开放赎回
2020-09-23,1.0050,1.0050,0.80%,限制大额申购,开放赎回
2020-09-24,0.9840,0.9840,-2.09%,限制大额申购,开放赎回
2020-09-25,0.9890,0.9890,0.51%,限制大额申购,开放赎回
2020-09-28,0.9850,0.9850,-0.40%,限制大额申购,开放赎回
2020-09-29,0.9980,0.9980,1.32%,限制大额申购,开放赎回
2020-09-30,1.0080,1.0080,1.00%,限制大额申购,开放赎回
2020-10-09,1.0400,1.0400,3.17%,限制大额申购,开放赎回
2020-10-12,1.0660,1.0660,2.50%,限制大额申购,开放赎回
2020-10-13,1.0680,1.0680,0.19%,限制大额申购,开放赎回
2020-10-14,1.0700,1.0700,0.19%,限制大额申购,开放赎回
2020-10-15,1.0590,1.0590,-1.03%,限制大额申购,开放赎回
2020-10-16,1.0500,1.0500,-0.85%,限制大额申购,开放赎回
2020-10-19,1.0400,1.0400,-0.95%,限制大额申购,开放赎回
2020-10-20,1.0560,1.0560,1.54%,限制大额申购,开放赎回
2020-10-21,1.0420,1.0420,-1.33%,限制大额申购,开放赎回
2020-10-22,1.0360,1.0360,-0.58%,限制大额申购,开放赎回
2020-10-23,1.0070,1.0070,-2.80%,限制大额申购,开放赎回
2020-10-26,1.0140,1.0140,0.70%,限制大额申购,开放赎回
2020-10-27,1.0260,1.0260,1.18%,限制大额申购,开放赎回
2020-10-28,1.0410,1.0410,1.46%,限制大额申购,开放赎回
2020-10-29,1.0520,1.0520,1.06%,限制大额申购,开放赎回
2020-10-30,1.0330,1.0330,-1.81%,限制大额申购,开放赎回
2020-11-02,1.0590,1.0590,2.52%,限制大额申购,开放赎回
2020-11-03,1.0710,1.0710,1.13%,限制大额申购,开放赎回
2020-11-04,1.0770,1.0770,0.56%,限制大额申购,开放赎回
2020-11-05,1.0990,1.0990,2.04%,限制大额申购,开放赎回
2020-11-06,1.0800,1.0800,-1.73%,限制大额申购,开放赎回
2020-11-09,1.0960,1.0960,1.48%,限制大额申购,开放赎回
2020-11-10,1.0800,1.0800,-1.46%,限制大额申购,开放赎回
2020-11-11,1.0570,1.0570,-2.13%,限制大额申购,开放赎回
2020-11-12,1.0680,1.0680,1.04%,限制大额申购,开放赎回
2020-11-13,1.0740,1.0740,0.56%,限制大额申购,开放赎回
2020-11-16,1.0780,1.0780,0.37%,限制大额申购,开放赎回
2020-11-17,1.0630,1.0630,-1.39%,限制大额申购,开放赎回
2020-11-18,1.0500,1.0500,-1.22%,限制大额申购,开放赎回
2020-11-19,1.0640,1.0640,1.33%,限制大额申购,开放赎回
2020-11-20,1.0750,1.0750,1.03%,限制大额申购,开放赎回
2020-11-23,1.0790,1.0790,0.37%,限制大额申购,开放赎回
2020-11-24,1.0760,1.0760,-0.28%,限制大额申购,开放赎回
2020-11-25,1.0500,1.0500,-2.42%,限制大额申购,开放赎回
2020-11-26,1.0450,1.0450,-0.48%,限制大额申购,开放赎回
2020-11-27,1.0490,1.0490,0.38%,限制大额申购,开放赎回
2020-11-30,1.0490,1.0490,0.00%,限制大额申购,开放赎回
2020-12-01,1.0780,1.0780,2.76%,限制大额申购,开放赎回
2020-12-02,1.0860,1.0860,0.74%,限制大额申购,开放赎回
2020-12-03,1.0850,1.0850,-0.09%,限制大额申购,开放赎回
2020-12-04,1.1000,1.1000,1.38%,限制大额申购,开放赎回
2020-12-07,1.1080,1.1080,0.73%,限制大额申购,开放赎回
2020-12-08,1.1150,1.1150,0.63%,限制大额申购,开放赎回
2020-12-09,1.1010,1.1010,-1.26%,限制大额申购,开放赎回
2020-12-10,1.1080,1.1080,0.64%,限制大额申购,开放赎回
2020-12-11,1.0930,1.0930,-1.35%,限制大额申购,开放赎回
2020-12-14,1.1140,1.1140,1.92%,限制大额申购,开放赎回
2020-12-15,1.1190,1.1190,0.45%,限制大额申购,开放赎回
2020-12-16,1.1210,1.1210,0.18%,限制大额申购,开放赎回
2020-12-17,1.1300,1.1300,0.80%,限制大额申购,开放赎回
2020-12-18,1.1200,1.1200,-0.88%,限制大额申购,开放赎回
2020-12-21,1.1530,1.1530,2.95%,限制大额申购,开放赎回
2020-12-22,1.1350,1.1350,-1.56%,限制大额申购,开放赎回
2020-12-23,1.1510,1.1510,1.41%,限制大额申购,开放赎回
2020-12-24,1.1510,1.1510,0.00%,限制大额申购,开放赎回
2020-12-25,1.1680,1.1680,1.48%,限制大额申购,开放赎回
2020-12-28,1.1630,1.1630,-0.43%,限制大额申购,开放赎回
2020-12-29,1.1540,1.1540,-0.77%,限制大额申购,开放赎回
2020-12-30,1.1860,1.1860,2.77%,限制大额申购,开放赎回
2020-12-31,1.2150,1.2150,2.45%,限制大额申购,开放赎回
2021-01-04,1.2420,1.2420,2.22%,限制大额申购,开放赎回
2021-01-05,1.2580,1.2580,1.29%,限制大额申购,开放赎回
2021-01-06,1.2600,1.2600,0.16%,限制大额申购,开放赎回
2021-01-07,1.2680,1.2680,0.63%,限制大额申购,开放赎回
2021-01-08,1.2500,1.2500,-1.42%,限制大额申购,开放赎回
2021-01-11,1.2400,1.2400,-0.80%,限制大额申购,开放赎回
2021-01-12,1.2620,1.2620,1.77%,限制大额申购,开放赎回
2021-01-13,1.2350,1.2350,-2.14%,限制大额申购,开放赎回
2021-01-14,1.2220,1.2220,-1.05%,限制大额申购,开放赎回
2021-01-15,1.2190,1.2190,-0.25%,限制大额申购,开放赎回
2021-01-18,1.2510,1.2510,2.63%,限制大额申购,开放赎回
2021-01-19,1.2310,1.2310,-1.60%,限制大额申购,开放赎回
2021-01-20,1.2520,1.2520,1.71%,限制大额申购,开放赎回
2021-01-21,1.2810,1.2810,2.32%,限制大额申购,开放赎回
2021-01-22,1.3060,1.3060,1.95%,限制大额申购,开放赎回
2021-01-25,1.3120,1.3120,0.46%,限制大额申购,开放赎回
2021-01-26,1.2870,1.2870,-1.91%,限制大额申购,开放赎回
2021-01-27,1.2780,1.2780,-0.70%,限制大额申购,开放赎回
2021-01-28,1.2430,1.2430,-2.74%,限制大额申购,开放赎回
2021-01-29,1.2500,1.2500,0.56%,限制大额申购,开放赎回
2021-02-01,1.2840,1.2840,2.72%,限制大额申购,开放赎回
2021-02-02,1.3080,1.3080,1.87%,限制大额申购,开放赎回
2021-02-03,1.2900,1.2900,-1.38%,限制大额申购,开放赎回
2021-02-04,1.2790,1.2790,-0.85%,限制大额申购,开放赎回
2021-02-05,1.2710,1.2710,-0.63%,限制大额申购,开放赎回
2021-02-08,1.3060,1.3060,2.75%,限制大额申购,开放赎回
2021-02-09,1.3380,1.3380,2.45%,限制大额申购,开放赎回
2021-02-10,1.3630,1.3630,1.87%,限制大额申购,开放赎回
2021-02-18,1.3430,1.3430,-1.47%,限制大额申购,开放赎回
2021-02-19,1.3290,1.3290,-1.04%,限制大额申购,开放赎回
2021-02-22,1.2850,1.2850,-3.31%,限制大额申购,开放赎回
2021-02-23,1.2690,1.2690,-1.25%,限制大额申购,开放赎回
2021-02-24,1.2260,1.2260,-3.39%,限制大额申购,开放赎回
2021-02-25,1.2200,1.2200,-0.49%,限制大额申购,开放赎回
2021-02-26,1.1860,1.1860,-2.79%,限制大额申购,开放赎回
2021-03-01,1.2040,1.2040,1.52%,限制大额申购,开放赎回
2021-03-02,1.1890,1.1890,-1.25%,限制大额申购,开放赎回
2021-03-03,1.2090,1.2090,1.68%,限制大额申购,开放赎回
2021-03-04,1.1710,1.1710,-3.14%,限制大额申购,开放赎回
2021-03-05,1.1720,1.1720,0.09%,限制大额申购,开放赎回
2021-03-08,1.1150,1.1150,-4.86%,限制大额申购,开放赎回
2021-03-09,1.0700,1.0700,-4.04%,限制大额申购,开放赎回
2021-03-10,1.0920,1.0920,2.06%,限制大额申购,开放赎回
2021-03-11,1.1190,1.1190,2.47%,限制大额申购,开放赎回
2021-03-12,1.1100,1.1100,-0.80%,限制大额申购,开放赎回
2021-03-15,1.0770,1.0770,-2.97%,限制大额申购,开放赎回
2021-03-16,1.0870,1.0870,0.93%,限制大额申购,开放赎回
2021-03-17,1.1080,1.1080,1.93%,限制大额申购,开放赎回
2021-03-18,1.1290,1.1290,1.90%,限制大额申购,开放赎回
2021-03-19,1.1030,1.1030,-2.30%,限制大额申购,开放赎回
2021-03-22,1.1190,1.1190,1.45%,限制大额申购,开放赎回
2021-03-23,1.1090,1.1090,-0.89%,限制大额申购,开放赎回
2021-03-24,1.0910,1.0910,-1.62%,限制大额申购,开放赎回
2021-03-25,1.1060,1.1060,1.37%,限制大额申购,开放赎回
2021-03-26,1.1340,1.1340,2.53%,限制大额申购,开放赎回
2021-03-29,1.1410,1.1410,0.62%,限制大额申购,开放赎回
2021-03-30,1.1640,1.1640,2.02%,限制大额申购,开放赎回
2021-03-31,1.1510,1.1510,-1.12%,限制大额申购,开放赎回
2021-04-01,1.1740,1.1740,2.00%,限制大额申购,开放赎回
2021-04-02,1.1810,1.1810,0.60%,限制大额申购,开放赎回
2021-04-06,1.1790,1.1790,-0.17%,限制大额申购,开放赎回
2021-04-07,1.1790,1.1790,0.00%,限制大额申购,开放赎回
