2017-11-24,1.0000,1.0000,0%,封闭期,封闭期
2017-12-01,0.9972,0.9972,0%,封闭期,封闭期
2017-12-08,0.9847,0.9847,0%,封闭期,封闭期
2017-12-15,0.9789,0.9789,0%,封闭期,封闭期
2017-12-22,0.9901,0.9901,0%,封闭期,封闭期
2017-12-29,0.9901,0.9901,0%,封闭期,封闭期
2017-12-31,0.9902,0.9902,0%,封闭期,封闭期
2018-01-05,1.0113,1.0113,0%,封闭期,封闭期
2018-01-12,1.0271,1.0271,0%,封闭期,封闭期
2018-01-18,1.0196,1.0196,0%,封闭期,封闭期
2018-01-19,1.0157,1.0157,-0.38%,开放申购,开放赎回
2018-01-22,1.0353,1.0353,1.93%,开放申购,开放赎回
2018-01-23,1.0408,1.0408,0.53%,开放申购,开放赎回
2018-01-24,1.0379,1.0379,-0.28%,开放申购,开放赎回
2018-01-25,1.0346,1.0346,-0.32%,开放申购,开放赎回
2018-01-26,1.0387,1.0387,0.40%,开放申购,开放赎回
2018-01-29,1.0174,1.0174,-2.05%,开放申购,开放赎回
2018-01-30,1.0135,1.0135,-0.38%,开放申购,开放赎回
2018-01-31,1.0150,1.0150,0.15%,开放申购,开放赎回
2018-02-01,1.0032,1.0032,-1.16%,开放申购,开放赎回
2018-02-02,1.0082,1.0082,0.50%,开放申购,开放赎回
2018-02-05,1.0065,1.0065,-0.17%,开放申购,开放赎回
2018-02-06,0.9779,0.9779,-2.84%,开放申购,开放赎回
2018-02-07,0.9657,0.9657,-1.25%,开放申购,开放赎回
2018-02-08,0.9640,0.9640,-0.18%,开放申购,开放赎回
2018-02-09,0.9273,0.9273,-3.81%,开放申购,开放赎回
2018-02-12,0.9437,0.9437,1.77%,开放申购,开放赎回
2018-02-13,0.9515,0.9515,0.83%,开放申购,开放赎回
2018-02-14,0.9569,0.9569,0.57%,开放申购,开放赎回
2018-02-22,0.9765,0.9765,2.05%,开放申购,开放赎回
2018-02-23,0.9790,0.9790,0.26%,开放申购,开放赎回
2018-02-26,0.9947,0.9947,1.60%,开放申购,开放赎回
2018-02-27,0.9842,0.9842,-1.06%,开放申购,开放赎回
2018-02-28,0.9782,0.9782,-0.61%,开放申购,开放赎回
2018-03-01,0.9861,0.9861,0.81%,开放申购,开放赎回
2018-03-02,0.9793,0.9793,-0.69%,开放申购,开放赎回
2018-03-05,0.9757,0.9757,-0.37%,开放申购,开放赎回
2018-03-06,0.9842,0.9842,0.87%,开放申购,开放赎回
2018-03-07,0.9787,0.9787,-0.56%,开放申购,开放赎回
2018-03-08,0.9908,0.9908,1.24%,开放申购,开放赎回
2018-03-09,0.9973,0.9973,0.66%,开放申购,开放赎回
2018-03-12,1.0078,1.0078,1.05%,开放申购,开放赎回
2018-03-13,0.9974,0.9974,-1.03%,开放申购,开放赎回
2018-03-14,0.9948,0.9948,-0.26%,开放申购,开放赎回
2018-03-15,0.9960,0.9960,0.12%,开放申购,开放赎回
2018-03-16,0.9894,0.9894,-0.66%,开放申购,开放赎回
2018-03-19,0.9897,0.9897,0.03%,开放申购,开放赎回
2018-03-20,0.9944,0.9944,0.47%,开放申购,开放赎回
2018-03-21,0.9876,0.9876,-0.68%,开放申购,开放赎回
2018-03-22,0.9793,0.9793,-0.84%,开放申购,开放赎回
2018-03-23,0.9518,0.9518,-2.81%,开放申购,开放赎回
2018-03-26,0.9513,0.9513,-0.05%,开放申购,开放赎回
2018-03-27,0.9622,0.9622,1.15%,开放申购,开放赎回
2018-03-28,0.9430,0.9430,-2.00%,开放申购,开放赎回
2018-03-29,0.9532,0.9532,1.08%,开放申购,开放赎回
2018-03-30,0.9624,0.9624,0.97%,开放申购,开放赎回
2018-04-02,0.9588,0.9588,-0.37%,开放申购,开放赎回
2018-04-03,0.9525,0.9525,-0.66%,开放申购,开放赎回
2018-04-04,0.9504,0.9504,-0.22%,开放申购,开放赎回
2018-04-09,0.9463,0.9463,-0.43%,开放申购,开放赎回
2018-04-10,0.9581,0.9581,1.25%,开放申购,开放赎回
2018-04-11,0.9623,0.9623,0.44%,开放申购,开放赎回
2018-04-12,0.9573,0.9573,-0.52%,开放申购,开放赎回
2018-04-13,0.9519,0.9519,-0.56%,开放申购,开放赎回
2018-04-16,0.9434,0.9434,-0.89%,开放申购,开放赎回
2018-04-17,0.9201,0.9201,-2.47%,开放申购,开放赎回
2018-04-18,0.9203,0.9203,0.02%,开放申购,开放赎回
2018-04-19,0.9269,0.9269,0.72%,开放申购,开放赎回
2018-04-20,0.9120,0.9120,-1.61%,开放申购,开放赎回
2018-04-23,0.9046,0.9046,-0.81%,开放申购,开放赎回
2018-04-24,0.9273,0.9273,2.51%,开放申购,开放赎回
2018-04-25,0.9305,0.9305,0.35%,开放申购,开放赎回
2018-04-26,0.9125,0.9125,-1.93%,开放申购,开放赎回
2018-04-27,0.9207,0.9207,0.90%,开放申购,开放赎回
2018-05-02,0.9241,0.9241,0.37%,开放申购,开放赎回
2018-05-03,0.9301,0.9301,0.65%,开放申购,开放赎回
2018-05-04,0.9290,0.9290,-0.12%,开放申购,开放赎回
2018-05-07,0.9401,0.9401,1.19%,开放申购,开放赎回
2018-05-08,0.9450,0.9450,0.52%,开放申购,开放赎回
2018-05-09,0.9437,0.9437,-0.14%,开放申购,开放赎回
2018-05-10,0.9498,0.9498,0.65%,开放申购,开放赎回
2018-05-11,0.9434,0.9434,-0.67%,开放申购,开放赎回
2018-05-14,0.9469,0.9469,0.37%,开放申购,开放赎回
2018-05-15,0.9554,0.9554,0.90%,开放申购,开放赎回
2018-05-16,0.9517,0.9517,-0.39%,开放申购,开放赎回
2018-05-17,0.9468,0.9468,-0.51%,开放申购,开放赎回
2018-05-18,0.9479,0.9479,0.12%,开放申购,开放赎回
2018-05-21,0.9577,0.9577,1.03%,开放申购,开放赎回
2018-05-22,0.9658,0.9658,0.85%,开放申购,开放赎回
2018-05-23,0.9567,0.9567,-0.94%,开放申购,开放赎回
2018-05-24,0.9518,0.9518,-0.51%,开放申购,开放赎回
2018-05-25,0.9469,0.9469,-0.51%,开放申购,开放赎回
2018-05-28,0.9453,0.9453,-0.17%,开放申购,开放赎回
2018-05-29,0.9347,0.9347,-1.12%,开放申购,开放赎回
2018-05-30,0.9145,0.9145,-2.16%,开放申购,开放赎回
2018-05-31,0.9283,0.9283,1.51%,开放申购,开放赎回
2018-06-01,0.9140,0.9140,-1.54%,开放申购,开放赎回
2018-06-04,0.9228,0.9228,0.96%,开放申购,开放赎回
2018-06-05,0.9352,0.9352,1.34%,开放申购,开放赎回
2018-06-06,0.9404,0.9404,0.56%,开放申购,开放赎回
2018-06-07,0.9367,0.9367,-0.39%,开放申购,开放赎回
2018-06-08,0.9372,0.9372,0.05%,开放申购,开放赎回
2018-06-11,0.9300,0.9300,-0.77%,开放申购,开放赎回
2018-06-12,0.9454,0.9454,1.66%,开放申购,开放赎回
2018-06-13,0.9372,0.9372,-0.87%,开放申购,开放赎回
2018-06-14,0.9226,0.9226,-1.56%,开放申购,开放赎回
2018-06-15,0.9142,0.9142,-0.91%,开放申购,开放赎回
2018-06-19,0.8844,0.8844,-3.26%,开放申购,开放赎回
2018-06-20,0.8923,0.8923,0.89%,开放申购,开放赎回
2018-06-21,0.8850,0.8850,-0.82%,开放申购,开放赎回
2018-06-22,0.8930,0.8930,0.90%,开放申购,开放赎回
2018-06-25,0.8909,0.8909,-0.24%,开放申购,开放赎回
2018-06-26,0.8900,0.8900,-0.10%,开放申购,开放赎回
2018-06-27,0.8725,0.8725,-1.97%,开放申购,开放赎回
2018-06-28,0.8592,0.8592,-1.52%,开放申购,开放赎回
2018-06-29,0.8861,0.8861,3.13%,开放申购,开放赎回
2018-06-30,0.8860,0.8860,0%,开放申购,开放赎回
2018-07-02,0.8651,0.8651,-2.37%,开放申购,开放赎回
2018-07-03,0.8600,0.8600,-0.59%,开放申购,开放赎回
2018-07-04,0.8521,0.8521,-0.92%,开放申购,开放赎回
2018-07-05,0.8362,0.8362,-1.87%,开放申购,开放赎回
2018-07-06,0.8404,0.8404,0.50%,开放申购,开放赎回
2018-07-09,0.8595,0.8595,2.27%,开放申购,开放赎回
2018-07-10,0.8652,0.8652,0.66%,开放申购,开放赎回
2018-07-11,0.8551,0.8551,-1.17%,开放申购,开放赎回
2018-07-12,0.8769,0.8769,2.55%,开放申购,开放赎回
2018-07-13,0.8930,0.8930,1.84%,开放申购,开放赎回
2018-07-16,0.8892,0.8892,-0.43%,开放申购,开放赎回
2018-07-17,0.8837,0.8837,-0.62%,开放申购,开放赎回
2018-07-18,0.8792,0.8792,-0.51%,开放申购,开放赎回
2018-07-19,0.8722,0.8722,-0.80%,开放申购,开放赎回
2018-07-20,0.8793,0.8793,0.81%,开放申购,开放赎回
2018-07-23,0.8757,0.8757,-0.41%,开放申购,开放赎回
2018-07-24,0.8833,0.8833,0.87%,开放申购,开放赎回
2018-07-25,0.8860,0.8860,0.31%,开放申购,开放赎回
2018-07-26,0.8741,0.8741,-1.34%,开放申购,开放赎回
2018-07-27,0.8718,0.8718,-0.26%,开放申购,开放赎回
2018-07-30,0.8659,0.8659,-0.68%,开放申购,开放赎回
2018-07-31,0.8612,0.8612,-0.54%,开放申购,开放赎回
2018-08-01,0.8452,0.8452,-1.86%,开放申购,开放赎回
2018-08-02,0.8342,0.8342,-1.30%,开放申购,开放赎回
2018-08-03,0.8208,0.8208,-1.61%,开放申购,开放赎回
2018-08-06,0.8065,0.8065,-1.74%,开放申购,开放赎回
2018-08-07,0.8293,0.8293,2.83%,开放申购,开放赎回
2018-08-08,0.8158,0.8158,-1.63%,开放申购,开放赎回
2018-08-09,0.8327,0.8327,2.07%,开放申购,开放赎回
2018-08-10,0.8365,0.8365,0.46%,开放申购,开放赎回
2018-08-13,0.8403,0.8403,0.45%,开放申购,开放赎回
2018-08-14,0.8367,0.8367,-0.43%,开放申购,开放赎回
2018-08-15,0.8196,0.8196,-2.04%,开放申购,开放赎回
2018-08-16,0.8137,0.8137,-0.72%,开放申购,开放赎回
2018-08-17,0.8025,0.8025,-1.38%,开放申购,开放赎回
2018-08-20,0.8095,0.8095,0.87%,开放申购,开放赎回
2018-08-21,0.8205,0.8205,1.36%,开放申购,开放赎回
2018-08-22,0.8136,0.8136,-0.84%,开放申购,开放赎回
2018-08-23,0.8165,0.8165,0.36%,开放申购,开放赎回
2018-08-24,0.8161,0.8161,-0.05%,开放申购,开放赎回
2018-08-27,0.8370,0.8370,2.56%,开放申购,开放赎回
2018-08-28,0.8375,0.8375,0.06%,开放申购,开放赎回
2018-08-29,0.8320,0.8320,-0.66%,开放申购,开放赎回
2018-08-30,0.8261,0.8261,-0.71%,开放申购,开放赎回
2018-08-31,0.8215,0.8215,-0.56%,开放申购,开放赎回
2018-09-03,0.8171,0.8171,-0.54%,开放申购,开放赎回
2018-09-04,0.8231,0.8231,0.73%,开放申购,开放赎回
2018-09-05,0.8106,0.8106,-1.52%,开放申购,开放赎回
2018-09-06,0.8075,0.8075,-0.38%,开放申购,开放赎回
2018-09-07,0.8069,0.8069,-0.07%,开放申购,开放赎回
2018-09-10,0.7945,0.7945,-1.54%,开放申购,开放赎回
2018-09-11,0.7932,0.7932,-0.16%,开放申购,开放赎回
2018-09-12,0.7892,0.7892,-0.50%,开放申购,开放赎回
2018-09-13,0.7953,0.7953,0.77%,开放申购,开放赎回
2018-09-14,0.7877,0.7877,-0.96%,开放申购,开放赎回
2018-09-17,0.7765,0.7765,-1.42%,开放申购,开放赎回
2018-09-18,0.7935,0.7935,2.19%,开放申购,开放赎回
2018-09-19,0.8004,0.8004,0.87%,开放申购,开放赎回
2018-09-20,0.8029,0.8029,0.31%,开放申购,开放赎回
2018-09-21,0.8169,0.8169,1.74%,开放申购,开放赎回
2018-09-25,0.8160,0.8160,-0.11%,开放申购,开放赎回
2018-09-26,0.8260,0.8260,1.23%,开放申购,开放赎回
2018-09-27,0.8246,0.8246,-0.17%,开放申购,开放赎回
2018-09-28,0.8289,0.8289,0.52%,开放申购,开放赎回
2018-10-08,0.7967,0.7967,-3.88%,开放申购,开放赎回
2018-10-09,0.7934,0.7934,-0.41%,开放申购,开放赎回
2018-10-10,0.7947,0.7947,0.16%,开放申购,开放赎回
2018-10-11,0.7586,0.7586,-4.54%,开放申购,开放赎回
2018-10-12,0.7708,0.7708,1.61%,开放申购,开放赎回
2018-10-15,0.7572,0.7572,-1.76%,开放申购,开放赎回
2018-10-16,0.7470,0.7470,-1.35%,开放申购,开放赎回
2018-10-17,0.7523,0.7523,0.71%,开放申购,开放赎回
2018-10-18,0.7366,0.7366,-2.09%,开放申购,开放赎回
2018-10-19,0.7559,0.7559,2.62%,开放申购,开放赎回
2018-10-22,0.7809,0.7809,3.31%,开放申购,开放赎回
2018-10-23,0.7633,0.7633,-2.25%,开放申购,开放赎回
2018-10-24,0.7595,0.7595,-0.50%,开放申购,开放赎回
2018-10-25,0.7561,0.7561,-0.45%,开放申购,开放赎回
2018-10-26,0.7521,0.7521,-0.53%,开放申购,开放赎回
2018-10-29,0.7365,0.7365,-2.07%,开放申购,开放赎回
2018-10-30,0.7371,0.7371,0.08%,开放申购,开放赎回
2018-10-31,0.7526,0.7526,2.10%,开放申购,开放赎回
2018-11-01,0.7523,0.7523,-0.04%,开放申购,开放赎回
2018-11-02,0.7679,0.7679,2.07%,开放申购,开放赎回
2018-11-05,0.7672,0.7672,-0.09%,开放申购,开放赎回
2018-11-06,0.7681,0.7681,0.12%,开放申购,开放赎回
2018-11-07,0.7665,0.7665,-0.21%,开放申购,开放赎回
2018-11-08,0.7631,0.7631,-0.44%,开放申购,开放赎回
2018-11-09,0.7612,0.7612,-0.25%,开放申购,开放赎回
2018-11-12,0.7704,0.7704,1.21%,开放申购,开放赎回
2018-11-13,0.7772,0.7772,0.88%,开放申购,开放赎回
2018-11-14,0.7732,0.7732,-0.51%,开放申购,开放赎回
2018-11-15,0.7804,0.7804,0.93%,开放申购,开放赎回
2018-11-16,0.7837,0.7837,0.42%,开放申购,开放赎回
2018-11-19,0.7867,0.7867,0.38%,开放申购,开放赎回
2018-11-20,0.7701,0.7701,-2.11%,开放申购,开放赎回
2018-11-21,0.7726,0.7726,0.32%,开放申购,开放赎回
2018-11-22,0.7722,0.7722,-0.05%,开放申购,开放赎回
2018-11-23,0.7532,0.7532,-2.46%,开放申购,开放赎回
2018-11-26,0.7526,0.7526,-0.08%,开放申购,开放赎回
2018-11-27,0.7530,0.7530,0.05%,开放申购,开放赎回
2018-11-28,0.7624,0.7624,1.25%,开放申购,开放赎回
2018-11-29,0.7525,0.7525,-1.30%,开放申购,开放赎回
2018-11-30,0.7574,0.7574,0.65%,开放申购,开放赎回
2018-12-03,0.7732,0.7732,2.09%,开放申购,开放赎回
2018-12-04,0.7801,0.7801,0.89%,开放申购,开放赎回
2018-12-05,0.7761,0.7761,-0.51%,开放申购,开放赎回
2018-12-06,0.7634,0.7634,-1.64%,开放申购,开放赎回
2018-12-07,0.7645,0.7645,0.14%,开放申购,开放赎回
2018-12-10,0.7577,0.7577,-0.89%,开放申购,开放赎回
2018-12-11,0.7609,0.7609,0.42%,开放申购,开放赎回
2018-12-12,0.7632,0.7632,0.30%,开放申购,开放赎回
2018-12-13,0.7706,0.7706,0.97%,开放申购,开放赎回
2018-12-14,0.7553,0.7553,-1.99%,开放申购,开放赎回
2018-12-17,0.7549,0.7549,-0.05%,开放申购,开放赎回
2018-12-18,0.7511,0.7511,-0.50%,开放申购,开放赎回
2018-12-19,0.7418,0.7418,-1.24%,开放申购,开放赎回
2018-12-20,0.7441,0.7441,0.31%,开放申购,开放赎回
2018-12-21,0.7392,0.7392,-0.66%,开放申购,开放赎回
2018-12-24,0.7466,0.7466,1.00%,开放申购,开放赎回
2018-12-25,0.7380,0.7380,-1.15%,开放申购,开放赎回
2018-12-26,0.7384,0.7384,0.05%,开放申购,开放赎回
2018-12-27,0.7312,0.7312,-0.98%,开放申购,开放赎回
2018-12-28,0.7318,0.7318,0.08%,开放申购,开放赎回
2018-12-31,0.7317,0.7317,0%,开放申购,开放赎回
2019-01-02,0.7267,0.7267,-0.70%,开放申购,开放赎回
2019-01-03,0.7219,0.7219,-0.66%,开放申购,开放赎回
2019-01-04,0.7351,0.7351,1.83%,开放申购,开放赎回
2019-01-07,0.7485,0.7485,1.82%,开放申购,开放赎回
2019-01-08,0.7477,0.7477,-0.11%,开放申购,开放赎回
2019-01-09,0.7465,0.7465,-0.16%,开放申购,开放赎回
2019-01-10,0.7448,0.7448,-0.23%,开放申购,开放赎回
2019-01-11,0.7493,0.7493,0.60%,开放申购,开放赎回
2019-01-14,0.7447,0.7447,-0.61%,开放申购,开放赎回
2019-01-15,0.7521,0.7521,0.99%,开放申购,开放赎回
2019-01-16,0.7544,0.7544,0.31%,开放申购,开放赎回
2019-01-17,0.7493,0.7493,-0.68%,开放申购,开放赎回
2019-01-18,0.7569,0.7569,1.01%,开放申购,开放赎回
2019-01-21,0.7598,0.7598,0.38%,开放申购,开放赎回
2019-01-22,0.7515,0.7515,-1.09%,开放申购,开放赎回
2019-01-23,0.7524,0.7524,0.12%,开放申购,开放赎回
2019-01-24,0.7570,0.7570,0.61%,开放申购,开放赎回
2019-01-25,0.7569,0.7569,-0.01%,开放申购,开放赎回
2019-01-28,0.7561,0.7561,-0.11%,开放申购,开放赎回
2019-01-29,0.7539,0.7539,-0.29%,开放申购,开放赎回
2019-01-30,0.7453,0.7453,-1.14%,开放申购,开放赎回
2019-01-31,0.7438,0.7438,-0.20%,开放申购,开放赎回
2019-02-01,0.7577,0.7577,1.87%,开放申购,开放赎回
2019-02-11,0.7689,0.7689,1.48%,开放申购,开放赎回
2019-02-12,0.7736,0.7736,0.61%,开放申购,开放赎回
2019-02-13,0.7827,0.7827,1.18%,开放申购,开放赎回
2019-02-14,0.7827,0.7827,0.00%,开放申购,开放赎回
2019-02-15,0.7729,0.7729,-1.25%,开放申购,开放赎回
2019-02-18,0.7929,0.7929,2.59%,开放申购,开放赎回
2019-02-19,0.7936,0.7936,0.09%,开放申购,开放赎回
2019-02-20,0.7943,0.7943,0.09%,开放申购,开放赎回
2019-02-21,0.7913,0.7913,-0.38%,开放申购,开放赎回
2019-02-22,0.8130,0.8130,2.74%,开放申购,开放赎回
2019-02-25,0.8561,0.8561,5.30%,开放申购,开放赎回
2019-02-26,0.8495,0.8495,-0.77%,开放申购,开放赎回
2019-02-27,0.8479,0.8479,-0.19%,开放申购,开放赎回
2019-02-28,0.8490,0.8490,0.13%,开放申购,开放赎回
2019-03-01,0.8570,0.8570,0.94%,开放申购,开放赎回
2019-03-04,0.8678,0.8678,1.26%,开放申购,开放赎回
2019-03-05,0.8858,0.8858,2.07%,开放申购,开放赎回
2019-03-06,0.9013,0.9013,1.75%,开放申购,开放赎回
2019-03-07,0.9086,0.9086,0.81%,开放申购,开放赎回
2019-03-08,0.8767,0.8767,-3.51%,开放申购,开放赎回
2019-03-11,0.9069,0.9069,3.44%,开放申购,开放赎回
2019-03-12,0.9174,0.9174,1.16%,开放申购,开放赎回
2019-03-13,0.8994,0.8994,-1.96%,开放申购,开放赎回
2019-03-14,0.8812,0.8812,-2.02%,开放申购,开放赎回
2019-03-15,0.8925,0.8925,1.28%,开放申购,开放赎回
2019-03-18,0.9128,0.9128,2.27%,开放申购,开放赎回
2019-03-19,0.9124,0.9124,-0.04%,开放申购,开放赎回
2019-03-20,0.9146,0.9146,0.24%,开放申购,开放赎回
2019-03-21,0.9225,0.9225,0.86%,开放申购,开放赎回
2019-03-22,0.9278,0.9278,0.57%,开放申购,开放赎回
2019-03-25,0.9149,0.9149,-1.39%,开放申购,开放赎回
2019-03-26,0.8957,0.8957,-2.10%,开放申购,开放赎回
2019-03-27,0.9044,0.9044,0.97%,开放申购,开放赎回
2019-03-28,0.8999,0.8999,-0.50%,开放申购,开放赎回
2019-03-29,0.9266,0.9266,2.97%,开放申购,开放赎回
2019-04-01,0.9572,0.9572,3.30%,开放申购,开放赎回
2019-04-02,0.9597,0.9597,0.26%,开放申购,开放赎回
2019-04-03,0.9722,0.9722,1.30%,开放申购,开放赎回
2019-04-04,0.9803,0.9803,0.83%,开放申购,开放赎回
2019-04-08,0.9786,0.9786,-0.17%,开放申购,开放赎回
2019-04-09,0.9852,0.9852,0.67%,开放申购,开放赎回
2019-04-10,0.9878,0.9878,0.26%,开放申购,开放赎回
2019-04-11,0.9680,0.9680,-2.00%,开放申购,开放赎回
2019-04-12,0.9669,0.9669,-0.11%,开放申购,开放赎回
2019-04-15,0.9634,0.9634,-0.36%,开放申购,开放赎回
2019-04-16,0.9822,0.9822,1.95%,开放申购,开放赎回
2019-04-17,0.9841,0.9841,0.19%,开放申购,开放赎回
2019-04-18,0.9818,0.9818,-0.23%,开放申购,开放赎回
2019-04-19,0.9909,0.9909,0.93%,开放申购,开放赎回
2019-04-22,0.9747,0.9747,-1.63%,开放申购,开放赎回
2019-04-23,0.9635,0.9635,-1.15%,开放申购,开放赎回
2019-04-24,0.9683,0.9683,0.50%,开放申购,开放赎回
2019-04-25,0.9422,0.9422,-2.70%,开放申购,开放赎回
2019-04-26,0.9318,0.9318,-1.10%,开放申购,开放赎回
2019-04-29,0.9237,0.9237,-0.87%,开放申购,开放赎回
2019-04-30,0.9292,0.9292,0.60%,开放申购,开放赎回
2019-05-06,0.8733,0.8733,-6.02%,开放申购,开放赎回
2019-05-07,0.8866,0.8866,1.52%,开放申购,开放赎回
2019-05-08,0.8772,0.8772,-1.06%,开放申购,开放赎回
2019-05-09,0.8653,0.8653,-1.36%,开放申购,开放赎回
2019-05-10,0.8936,0.8936,3.27%,开放申购,开放赎回
2019-05-13,0.8855,0.8855,-0.91%,开放申购,开放赎回
2019-05-14,0.8772,0.8772,-0.94%,开放申购,开放赎回
2019-05-15,0.8964,0.8964,2.19%,开放申购,开放赎回
2019-05-16,0.9035,0.9035,0.79%,开放申购,开放赎回
2019-05-17,0.8772,0.8772,-2.91%,开放申购,开放赎回
2019-05-20,0.8704,0.8704,-0.78%,开放申购,开放赎回
2019-05-21,0.8829,0.8829,1.44%,开放申购,开放赎回
2019-05-22,0.8784,0.8784,-0.51%,开放申购,开放赎回
2019-05-23,0.8622,0.8622,-1.84%,开放申购,开放赎回
2019-05-24,0.8661,0.8661,0.45%,开放申购,开放赎回
2019-05-27,0.8783,0.8783,1.41%,开放申购,开放赎回
2019-05-28,0.8839,0.8839,0.64%,开放申购,开放赎回
2019-05-29,0.8865,0.8865,0.29%,开放申购,开放赎回
2019-05-30,0.8835,0.8835,-0.34%,开放申购,开放赎回
2019-05-31,0.8804,0.8804,-0.35%,开放申购,开放赎回
2019-06-03,0.8783,0.8783,-0.24%,开放申购,开放赎回
2019-06-04,0.8661,0.8661,-1.39%,开放申购,开放赎回
2019-06-05,0.8663,0.8663,0.02%,开放申购,开放赎回
2019-06-06,0.8539,0.8539,-1.43%,开放申购,开放赎回
2019-06-10,0.8633,0.8633,1.10%,开放申购,开放赎回
2019-06-11,0.8888,0.8888,2.95%,开放申购,开放赎回
2019-06-12,0.8832,0.8832,-0.63%,开放申购,开放赎回
2019-06-13,0.8828,0.8828,-0.05%,开放申购,开放赎回
2019-06-14,0.8744,0.8744,-0.95%,开放申购,开放赎回
2019-06-17,0.8736,0.8736,-0.09%,开放申购,开放赎回
2019-06-18,0.8755,0.8755,0.22%,开放申购,开放赎回
2019-06-19,0.8897,0.8897,1.62%,开放申购,开放赎回
2019-06-20,0.9151,0.9151,2.85%,开放申购,开放赎回
2019-06-21,0.9174,0.9174,0.25%,开放申购,开放赎回
2019-06-24,0.9186,0.9186,0.13%,开放申购,开放赎回
2019-06-25,0.9080,0.9080,-1.15%,开放申购,开放赎回
2019-06-26,0.9071,0.9071,-0.10%,开放申购,开放赎回
2019-06-27,0.9164,0.9164,1.03%,开放申购,开放赎回
2019-06-28,0.9142,0.9142,-0.24%,开放申购,开放赎回
2019-06-30,0.9141,0.9141,0%,开放申购,开放赎回
2019-07-01,0.9413,0.9413,2.96%,开放申购,开放赎回
2019-07-02,0.9413,0.9413,0.00%,开放申购,开放赎回
2019-07-03,0.9277,0.9277,-1.44%,开放申购,开放赎回
2019-07-04,0.9211,0.9211,-0.71%,开放申购,开放赎回
2019-07-05,0.9288,0.9288,0.84%,开放申购,开放赎回
2019-07-08,0.9075,0.9075,-2.29%,开放申购,开放赎回
2019-07-09,0.9047,0.9047,-0.31%,限制大额申购,开放赎回
2019-07-10,0.9035,0.9035,-0.13%,限制大额申购,开放赎回
2019-07-11,0.9054,0.9054,0.21%,限制大额申购,开放赎回
2019-07-12,0.9131,0.9131,0.85%,限制大额申购,开放赎回
2019-07-15,0.9117,0.9117,-0.15%,限制大额申购,开放赎回
2019-07-16,0.9034,0.9034,-0.91%,限制大额申购,开放赎回
2019-07-17,0.9026,0.9026,-0.09%,限制大额申购,开放赎回
2019-07-18,0.8972,0.8972,-0.60%,限制大额申购,开放赎回
2019-07-19,0.9049,0.9049,0.86%,限制大额申购,开放赎回
2019-07-22,0.9297,0.9297,2.74%,限制大额申购,开放赎回
2019-07-23,0.9307,0.9307,0.11%,限制大额申购,开放赎回
2019-07-24,0.9405,0.9405,1.05%,限制大额申购,开放赎回
2019-07-25,0.9481,0.9481,0.81%,限制大额申购,开放赎回
2019-07-26,0.9502,0.9502,0.22%,限制大额申购,开放赎回
2019-07-29,0.9473,0.9473,-0.31%,限制大额申购,开放赎回
2019-07-30,0.9500,0.9500,0.29%,限制大额申购,开放赎回
2019-07-31,0.9424,0.9424,-0.80%,限制大额申购,开放赎回
2019-08-01,0.9348,0.9348,-0.81%,限制大额申购,开放赎回
2019-08-02,0.9244,0.9244,-1.11%,限制大额申购,开放赎回
2019-08-05,0.9086,0.9086,-1.71%,限制大额申购,开放赎回
2019-08-06,0.9020,0.9020,-0.73%,限制大额申购,开放赎回
2019-08-07,0.8971,0.8971,-0.54%,限制大额申购,开放赎回
2019-08-08,0.9159,0.9159,2.10%,限制大额申购,开放赎回
2019-08-09,0.9104,0.9104,-0.60%,限制大额申购,开放赎回
2019-08-12,0.9318,0.9318,2.35%,限制大额申购,开放赎回
2019-08-13,0.9230,0.9230,-0.94%,限制大额申购,开放赎回
2019-08-14,0.9280,0.9280,0.54%,限制大额申购,开放赎回
2019-08-15,0.9317,0.9317,0.40%,限制大额申购,开放赎回
2019-08-16,0.9373,0.9373,0.60%,限制大额申购,开放赎回
2019-08-19,0.9547,0.9547,1.86%,限制大额申购,开放赎回
2019-08-20,0.9524,0.9524,-0.24%,限制大额申购,开放赎回
2019-08-21,0.9540,0.9540,0.17%,限制大额申购,开放赎回
2019-08-22,0.9576,0.9576,0.38%,限制大额申购,开放赎回
2019-08-23,0.9736,0.9736,1.67%,限制大额申购,开放赎回
2019-08-26,0.9624,0.9624,-1.15%,限制大额申购,开放赎回
2019-08-27,0.9724,0.9724,1.04%,限制大额申购,开放赎回
2019-08-28,0.9679,0.9679,-0.46%,限制大额申购,开放赎回
2019-08-29,0.9688,0.9688,0.09%,限制大额申购,开放赎回
2019-08-30,0.9756,0.9756,0.70%,限制大额申购,开放赎回
2019-09-02,0.9919,0.9919,1.67%,限制大额申购,开放赎回
2019-09-03,0.9959,0.9959,0.40%,限制大额申购,开放赎回
2019-09-04,0.9986,0.9986,0.27%,限制大额申购,开放赎回
2019-09-05,1.0072,1.0072,0.86%,限制大额申购,开放赎回
2019-09-06,1.0112,1.0112,0.40%,限制大额申购,开放赎回
2019-09-09,1.0219,1.0219,1.06%,限制大额申购,开放赎回
2019-09-10,1.0148,1.0148,-0.69%,限制大额申购,开放赎回
2019-09-11,1.0060,1.0060,-0.87%,限制大额申购,开放赎回
2019-09-12,1.0123,1.0123,0.63%,限制大额申购,开放赎回
2019-09-16,1.0117,1.0117,-0.06%,限制大额申购,开放赎回
2019-09-17,0.9978,0.9978,-1.37%,限制大额申购,开放赎回
2019-09-18,1.0054,1.0054,0.76%,限制大额申购,开放赎回
2019-09-19,1.0100,1.0100,0.46%,限制大额申购,开放赎回
2019-09-20,1.0167,1.0167,0.66%,限制大额申购,开放赎回
2019-09-23,1.0145,1.0145,-0.22%,限制大额申购,开放赎回
2019-09-24,1.0214,1.0214,0.68%,限制大额申购,开放赎回
2019-09-25,1.0100,1.0100,-1.12%,限制大额申购,开放赎回
2019-09-26,0.9960,0.9960,-1.39%,限制大额申购,开放赎回
2019-09-27,1.0050,1.0050,0.90%,限制大额申购,开放赎回
2019-09-30,0.9910,0.9910,-1.39%,限制大额申购,开放赎回
2019-10-08,0.9893,0.9893,-0.17%,限制大额申购,开放赎回
2019-10-09,0.9929,0.9929,0.36%,限制大额申购,开放赎回
2019-10-10,1.0113,1.0113,1.85%,限制大额申购,开放赎回
2019-10-11,1.0195,1.0195,0.81%,限制大额申购,开放赎回
2019-10-14,1.0284,1.0284,0.87%,限制大额申购,开放赎回
2019-10-15,1.0189,1.0189,-0.92%,限制大额申购,开放赎回
2019-10-16,1.0147,1.0147,-0.41%,限制大额申购,开放赎回
2019-10-17,1.0187,1.0187,0.39%,限制大额申购,开放赎回
2019-10-18,1.0043,1.0043,-1.41%,限制大额申购,开放赎回
2019-10-21,1.0005,1.0005,-0.38%,限制大额申购,开放赎回
2019-10-22,1.0086,1.0086,0.81%,限制大额申购,开放赎回
2019-10-23,0.9999,0.9999,-0.86%,限制大额申购,开放赎回
2019-10-24,1.0002,1.0002,0.03%,限制大额申购,开放赎回
2019-10-25,1.0087,1.0087,0.85%,限制大额申购,开放赎回
2019-10-28,1.0210,1.0210,1.22%,限制大额申购,开放赎回
2019-10-29,1.0178,1.0178,-0.31%,限制大额申购,开放赎回
2019-10-30,1.0156,1.0156,-0.22%,限制大额申购,开放赎回
2019-10-31,1.0160,1.0160,0.04%,限制大额申购,开放赎回
2019-11-01,1.0350,1.0350,1.87%,限制大额申购,开放赎回
2019-11-04,1.0467,1.0467,1.13%,限制大额申购,开放赎回
2019-11-05,1.0536,1.0536,0.66%,限制大额申购,开放赎回
2019-11-06,1.0518,1.0518,-0.17%,限制大额申购,开放赎回
2019-11-07,1.0552,1.0552,0.32%,限制大额申购,开放赎回
2019-11-08,1.0520,1.0520,-0.30%,限制大额申购,开放赎回
2019-11-11,1.0338,1.0338,-1.73%,限制大额申购,开放赎回
2019-11-12,1.0358,1.0358,0.19%,限制大额申购,开放赎回
2019-11-13,1.0527,1.0527,1.63%,限制大额申购,开放赎回
2019-11-14,1.0619,1.0619,0.87%,限制大额申购,开放赎回
2019-11-15,1.0541,1.0541,-0.73%,限制大额申购,开放赎回
2019-11-18,1.0670,1.0670,1.22%,限制大额申购,开放赎回
2019-11-19,1.0829,1.0829,1.49%,限制大额申购,开放赎回
2019-11-20,1.0771,1.0771,-0.54%,限制大额申购,开放赎回
2019-11-21,1.0649,1.0649,-1.13%,限制大额申购,开放赎回
2019-11-22,1.0330,1.0330,-3.00%,限制大额申购,开放赎回
2019-11-25,1.0254,1.0254,-0.74%,限制大额申购,开放赎回
2019-11-26,1.0237,1.0237,-0.17%,限制大额申购,开放赎回
2019-11-27,1.0207,1.0207,-0.29%,限制大额申购,开放赎回
2019-11-28,1.0191,1.0191,-0.16%,限制大额申购,开放赎回
2019-11-29,1.0046,1.0046,-1.42%,限制大额申购,开放赎回
2019-12-02,1.0046,1.0046,0.00%,限制大额申购,开放赎回
2019-12-03,1.0116,1.0116,0.70%,限制大额申购,开放赎回
2019-12-04,1.0111,1.0111,-0.05%,限制大额申购,开放赎回
2019-12-05,1.0217,1.0217,1.05%,限制大额申购,开放赎回
2019-12-06,1.0301,1.0301,0.82%,限制大额申购,开放赎回
2019-12-09,1.0311,1.0311,0.10%,限制大额申购,开放赎回
2019-12-10,1.0439,1.0439,1.24%,限制大额申购,开放赎回
2019-12-11,1.0431,1.0431,-0.08%,限制大额申购,开放赎回
2019-12-12,1.0430,1.0430,-0.01%,限制大额申购,开放赎回
2019-12-13,1.0544,1.0544,1.09%,限制大额申购,开放赎回
2019-12-16,1.0666,1.0666,1.16%,限制大额申购,开放赎回
2019-12-17,1.0689,1.0689,0.22%,限制大额申购,开放赎回
2019-12-18,1.0620,1.0620,-0.65%,限制大额申购,开放赎回
2019-12-19,1.0510,1.0510,-1.04%,限制大额申购,开放赎回
2019-12-20,1.0474,1.0474,-0.34%,限制大额申购,开放赎回
2019-12-23,1.0352,1.0352,-1.16%,限制大额申购,开放赎回
2019-12-24,1.0459,1.0459,1.03%,限制大额申购,开放赎回
2019-12-25,1.0475,1.0475,0.15%,限制大额申购,开放赎回
2019-12-26,1.0561,1.0561,0.82%,限制大额申购,开放赎回
2019-12-27,1.0506,1.0506,-0.52%,限制大额申购,开放赎回
2019-12-30,1.0661,1.0661,1.48%,限制大额申购,开放赎回
2019-12-31,1.0707,1.0707,0.43%,限制大额申购,开放赎回
2020-01-02,1.0893,1.0893,1.74%,限制大额申购,开放赎回
2020-01-03,1.0857,1.0857,-0.33%,限制大额申购,开放赎回
2020-01-06,1.0836,1.0836,-0.19%,限制大额申购,开放赎回
2020-01-07,1.0932,1.0932,0.89%,限制大额申购,开放赎回
2020-01-08,1.0861,1.0861,-0.65%,开放申购,开放赎回
2020-01-09,1.1019,1.1019,1.45%,开放申购,开放赎回
2020-01-10,1.1028,1.1028,0.08%,开放申购,开放赎回
2020-01-13,1.1206,1.1206,1.61%,开放申购,开放赎回
2020-01-14,1.1148,1.1148,-0.52%,开放申购,开放赎回
2020-01-15,1.1233,1.1233,0.76%,开放申购,开放赎回
2020-01-16,1.1307,1.1307,0.66%,开放申购,开放赎回
2020-01-17,1.1422,1.1422,1.02%,开放申购,开放赎回
2020-01-20,1.1637,1.1637,1.88%,开放申购,开放赎回
2020-01-21,1.1604,1.1604,-0.28%,开放申购,开放赎回
2020-01-22,1.1798,1.1798,1.67%,开放申购,开放赎回
2020-01-23,1.1471,1.1471,-2.77%,开放申购,开放赎回
2020-02-03,1.0552,1.0552,-8.01%,开放申购,开放赎回
2020-02-04,1.1197,1.1197,6.11%,开放申购,开放赎回
2020-02-05,1.1374,1.1374,1.58%,开放申购,开放赎回
2020-02-06,1.1725,1.1725,3.09%,开放申购,开放赎回
2020-02-07,1.1942,1.1942,1.85%,开放申购,开放赎回
2020-02-10,1.1912,1.1912,-0.25%,开放申购,开放赎回
2020-02-11,1.1905,1.1905,-0.06%,开放申购,开放赎回
2020-02-12,1.2175,1.2175,2.27%,开放申购,开放赎回
2020-02-13,1.2210,1.2210,0.29%,开放申购,开放赎回
2020-02-14,1.2206,1.2206,-0.03%,开放申购,开放赎回
2020-02-17,1.2525,1.2525,2.61%,开放申购,开放赎回
2020-02-18,1.2737,1.2737,1.69%,开放申购,开放赎回
2020-02-19,1.2678,1.2678,-0.46%,开放申购,开放赎回
2020-02-20,1.2959,1.2959,2.22%,开放申购,开放赎回
2020-02-21,1.3104,1.3104,1.12%,开放申购,开放赎回
2020-02-24,1.3363,1.3363,1.98%,开放申购,开放赎回
2020-02-25,1.3412,1.3412,0.37%,开放申购,开放赎回
2020-02-26,1.2770,1.2770,-4.79%,开放申购,开放赎回
2020-02-27,1.2810,1.2810,0.31%,开放申购,开放赎回
2020-02-28,1.2366,1.2366,-3.47%,开放申购,开放赎回
2020-03-02,1.2739,1.2739,3.02%,开放申购,开放赎回
2020-03-03,1.2843,1.2843,0.82%,开放申购,开放赎回
2020-03-04,1.2685,1.2685,-1.23%,开放申购,开放赎回
2020-03-05,1.2843,1.2843,1.25%,开放申购,开放赎回
2020-03-06,1.2715,1.2715,-1.00%,开放申购,开放赎回
2020-03-09,1.2099,1.2099,-4.84%,开放申购,开放赎回
2020-03-10,1.2488,1.2488,3.22%,开放申购,开放赎回
2020-03-11,1.2249,1.2249,-1.91%,开放申购,开放赎回
2020-03-12,1.1970,1.1970,-2.28%,开放申购,开放赎回
2020-03-13,1.1912,1.1912,-0.48%,开放申购,开放赎回
2020-03-16,1.1178,1.1178,-6.16%,开放申购,开放赎回
2020-03-17,1.1209,1.1209,0.28%,开放申购,开放赎回
2020-03-18,1.1133,1.1133,-0.68%,开放申购,开放赎回
2020-03-19,1.1105,1.1105,-0.25%,开放申购,开放赎回
2020-03-20,1.1291,1.1291,1.67%,开放申购,开放赎回
2020-03-23,1.0840,1.0840,-3.99%,开放申购,开放赎回
2020-03-24,1.1077,1.1077,2.19%,开放申购,开放赎回
2020-03-25,1.1466,1.1466,3.51%,开放申购,开放赎回
2020-03-26,1.1395,1.1395,-0.62%,开放申购,开放赎回
2020-03-27,1.1380,1.1380,-0.13%,开放申购,开放赎回
2020-03-30,1.1235,1.1235,-1.27%,开放申购,开放赎回
2020-03-31,1.1349,1.1349,1.01%,开放申购,开放赎回
2020-04-01,1.1320,1.1320,-0.26%,开放申购,开放赎回
2020-04-02,1.1620,1.1620,2.65%,开放申购,开放赎回
2020-04-03,1.1585,1.1585,-0.30%,开放申购,开放赎回
2020-04-07,1.1980,1.1980,3.41%,开放申购,开放赎回
2020-04-08,1.1941,1.1941,-0.33%,开放申购,开放赎回
2020-04-09,1.2027,1.2027,0.72%,开放申购,开放赎回
2020-04-10,1.1859,1.1859,-1.40%,开放申购,开放赎回
2020-04-13,1.1808,1.1808,-0.43%,开放申购,开放赎回
2020-04-14,1.2133,1.2133,2.75%,开放申购,开放赎回
2020-04-15,1.2053,1.2053,-0.66%,开放申购,开放赎回
2020-04-16,1.2130,1.2130,0.64%,开放申购,开放赎回
2020-04-17,1.2233,1.2233,0.85%,开放申购,开放赎回
2020-04-20,1.2385,1.2385,1.24%,开放申购,开放赎回
2020-04-21,1.2300,1.2300,-0.69%,开放申购,开放赎回
2020-04-22,1.2463,1.2463,1.33%,开放申购,开放赎回
2020-04-23,1.2395,1.2395,-0.55%,开放申购,开放赎回
2020-04-24,1.2297,1.2297,-0.79%,开放申购,开放赎回
2020-04-27,1.2374,1.2374,0.63%,开放申购,开放赎回
2020-04-28,1.2637,1.2637,2.13%,开放申购,开放赎回
2020-04-29,1.2560,1.2560,-0.61%,开放申购,开放赎回
2020-04-30,1.2793,1.2793,1.86%,开放申购,开放赎回
2020-05-06,1.3026,1.3026,1.82%,开放申购,开放赎回
2020-05-07,1.3093,1.3093,0.51%,开放申购,开放赎回
2020-05-08,1.3211,1.3211,0.90%,开放申购,开放赎回
2020-05-11,1.3130,1.3130,-0.61%,开放申购,开放赎回
2020-05-12,1.3300,1.3300,1.29%,开放申购,开放赎回
2020-05-13,1.3472,1.3472,1.29%,开放申购,开放赎回
2020-05-14,1.3351,1.3351,-0.90%,开放申购,开放赎回
2020-05-15,1.3361,1.3361,0.07%,开放申购,开放赎回
2020-05-18,1.3300,1.3300,-0.46%,开放申购,开放赎回
2020-05-19,1.3531,1.3531,1.74%,开放申购,开放赎回
2020-05-20,1.3247,1.3247,-2.10%,开放申购,开放赎回
2020-05-21,1.3171,1.3171,-0.57%,开放申购,开放赎回
2020-05-22,1.2878,1.2878,-2.22%,开放申购,开放赎回
2020-05-25,1.2899,1.2899,0.16%,开放申购,开放赎回
2020-05-26,1.3210,1.3210,2.41%,开放申购,开放赎回
2020-05-27,1.2947,1.2947,-1.99%,开放申购,开放赎回
2020-05-28,1.2964,1.2964,0.13%,开放申购,开放赎回
2020-05-29,1.3219,1.3219,1.97%,开放申购,开放赎回
2020-06-01,1.3584,1.3584,2.76%,开放申购,开放赎回
2020-06-02,1.3448,1.3448,-1.00%,开放申购,开放赎回
2020-06-03,1.3488,1.3488,0.30%,开放申购,开放赎回
2020-06-04,1.3521,1.3521,0.24%,开放申购,开放赎回
2020-06-05,1.3692,1.3692,1.26%,开放申购,开放赎回
2020-06-08,1.3587,1.3587,-0.77%,开放申购,开放赎回
2020-06-09,1.3739,1.3739,1.12%,开放申购,开放赎回
2020-06-10,1.3962,1.3962,1.62%,开放申购,开放赎回
2020-06-11,1.3925,1.3925,-0.27%,开放申购,开放赎回
2020-06-12,1.3978,1.3978,0.38%,开放申购,开放赎回
2020-06-15,1.3884,1.3884,-0.67%,开放申购,开放赎回
2020-06-16,1.4149,1.4149,1.91%,开放申购,开放赎回
2020-06-17,1.4233,1.4233,0.59%,开放申购,开放赎回
2020-06-18,1.4314,1.4314,0.57%,开放申购,开放赎回
2020-06-19,1.4592,1.4592,1.94%,开放申购,开放赎回
2020-06-22,1.4701,1.4701,0.75%,开放申购,开放赎回
2020-06-23,1.5001,1.5001,2.04%,开放申购,开放赎回
2020-06-24,1.5084,1.5084,0.55%,开放申购,开放赎回
2020-06-29,1.5123,1.5123,0.26%,开放申购,开放赎回
2020-06-30,1.5539,1.5539,2.75%,开放申购,开放赎回
2020-07-01,1.5600,1.5600,0.39%,开放申购,开放赎回
2020-07-02,1.5536,1.5536,-0.41%,开放申购,开放赎回
2020-07-03,1.5608,1.5608,0.46%,开放申购,开放赎回
2020-07-06,1.6069,1.6069,2.95%,开放申购,开放赎回
2020-07-07,1.6419,1.6419,2.18%,开放申购,开放赎回
2020-07-08,1.6600,1.6600,1.10%,开放申购,开放赎回
2020-07-09,1.7044,1.7044,2.67%,开放申购,开放赎回
2020-07-10,1.7038,1.7038,-0.04%,开放申购,开放赎回
2020-07-13,1.7545,1.7545,2.98%,开放申购,开放赎回
2020-07-14,1.7523,1.7523,-0.13%,开放申购,开放赎回
2020-07-15,1.7356,1.7356,-0.95%,开放申购,开放赎回
2020-07-16,1.6310,1.6310,-6.03%,开放申购,开放赎回
2020-07-17,1.6557,1.6557,1.51%,开放申购,开放赎回
2020-07-20,1.6761,1.6761,1.23%,开放申购,开放赎回
2020-07-21,1.7075,1.7075,1.87%,开放申购,开放赎回
2020-07-22,1.7285,1.7285,1.23%,开放申购,开放赎回
2020-07-23,1.7493,1.7493,1.20%,开放申购,开放赎回
2020-07-24,1.6527,1.6527,-5.52%,开放申购,开放赎回
2020-07-27,1.6664,1.6664,0.83%,开放申购,开放赎回
2020-07-28,1.6920,1.6920,1.54%,开放申购,开放赎回
2020-07-29,1.7609,1.7609,4.07%,开放申购,开放赎回
2020-07-30,1.7586,1.7586,-0.13%,开放申购,开放赎回
2020-07-31,1.7886,1.7886,1.71%,开放申购,开放赎回
2020-08-03,1.8127,1.8127,1.35%,开放申购,开放赎回
2020-08-04,1.7939,1.7939,-1.04%,开放申购,开放赎回
2020-08-05,1.8141,1.8141,1.13%,开放申购,开放赎回
2020-08-06,1.7773,1.7773,-2.03%,开放申购,开放赎回
2020-08-07,1.7519,1.7519,-1.43%,开放申购,开放赎回
2020-08-10,1.7474,1.7474,-0.26%,开放申购,开放赎回
2020-08-11,1.7305,1.7305,-0.97%,开放申购,开放赎回
2020-08-12,1.6882,1.6882,-2.44%,开放申购,开放赎回
2020-08-13,1.6754,1.6754,-0.76%,开放申购,开放赎回
2020-08-14,1.7029,1.7029,1.64%,开放申购,开放赎回
2020-08-17,1.7226,1.7226,1.16%,开放申购,开放赎回
2020-08-18,1.7315,1.7315,0.52%,开放申购,开放赎回
2020-08-19,1.6890,1.6890,-2.45%,开放申购,开放赎回
2020-08-20,1.6673,1.6673,-1.28%,开放申购,开放赎回
2020-08-21,1.6892,1.6892,1.31%,开放申购,开放赎回
2020-08-24,1.7304,1.7304,2.44%,开放申购,开放赎回
2020-08-25,1.7364,1.7364,0.35%,开放申购,开放赎回
2020-08-26,1.7039,1.7039,-1.87%,开放申购,开放赎回
2020-08-27,1.7223,1.7223,1.08%,开放申购,开放赎回
2020-08-28,1.7643,1.7643,2.44%,开放申购,开放赎回
2020-08-31,1.7492,1.7492,-0.86%,开放申购,开放赎回
2020-09-01,1.7669,1.7669,1.01%,开放申购,开放赎回
2020-09-02,1.7764,1.7764,0.54%,开放申购,开放赎回
2020-09-03,1.7687,1.7687,-0.43%,开放申购,开放赎回
2020-09-04,1.7460,1.7460,-1.28%,开放申购,开放赎回
2020-09-07,1.6817,1.6817,-3.68%,开放申购,开放赎回
2020-09-08,1.6744,1.6744,-0.43%,开放申购,开放赎回
2020-09-09,1.6192,1.6192,-3.30%,开放申购,开放赎回
2020-09-10,1.6224,1.6224,0.20%,开放申购,开放赎回
2020-09-11,1.6600,1.6600,2.32%,开放申购,开放赎回
2020-09-14,1.6711,1.6711,0.67%,开放申购,开放赎回
2020-09-15,1.6924,1.6924,1.27%,开放申购,开放赎回
2020-09-16,1.6810,1.6810,-0.67%,开放申购,开放赎回
2020-09-17,1.6879,1.6879,0.41%,开放申购,开放赎回
2020-09-18,1.7135,1.7135,1.52%,开放申购,开放赎回
2020-09-21,1.6964,1.6964,-1.00%,开放申购,开放赎回
2020-09-22,1.6829,1.6829,-0.80%,开放申购,开放赎回
2020-09-23,1.7151,1.7151,1.91%,开放申购,开放赎回
2020-09-24,1.6822,1.6822,-1.92%,开放申购,开放赎回
2020-09-25,1.6802,1.6802,-0.12%,开放申购,开放赎回
2020-09-28,1.6861,1.6861,0.35%,开放申购,开放赎回
2020-09-29,1.7028,1.7028,0.99%,开放申购,开放赎回
2020-09-30,1.7124,1.7124,0.56%,开放申购,开放赎回
2020-10-09,1.7641,1.7641,3.02%,开放申购,开放赎回
2020-10-12,1.8189,1.8189,3.11%,开放申购,开放赎回
2020-10-13,1.8340,1.8340,0.83%,开放申购,开放赎回
2020-10-14,1.8297,1.8297,-0.23%,开放申购,开放赎回
2020-10-15,1.8109,1.8109,-1.03%,开放申购,开放赎回
2020-10-16,1.8079,1.8079,-0.17%,开放申购,开放赎回
2020-10-19,1.7814,1.7814,-1.47%,开放申购,开放赎回
2020-10-20,1.7954,1.7954,0.79%,开放申购,开放赎回
2020-10-21,1.7773,1.7773,-1.01%,开放申购,开放赎回
2020-10-22,1.7614,1.7614,-0.89%,开放申购,开放赎回
2020-10-23,1.7108,1.7108,-2.87%,开放申购,开放赎回
2020-10-26,1.7252,1.7252,0.84%,开放申购,开放赎回
2020-10-27,1.7540,1.7540,1.67%,开放申购,开放赎回
2020-10-28,1.7751,1.7751,1.20%,开放申购,开放赎回
2020-10-29,1.7959,1.7959,1.17%,开放申购,开放赎回
2020-10-30,1.7755,1.7755,-1.14%,开放申购,开放赎回
2020-11-02,1.8094,1.8094,1.91%,开放申购,开放赎回
2020-11-03,1.8195,1.8195,0.56%,开放申购,开放赎回
2020-11-04,1.8219,1.8219,0.13%,开放申购,开放赎回
2020-11-05,1.8490,1.8490,1.49%,开放申购,开放赎回
2020-11-06,1.8401,1.8401,-0.48%,开放申购,开放赎回
2020-11-09,1.8794,1.8794,2.14%,开放申购,开放赎回
2020-11-10,1.8517,1.8517,-1.47%,开放申购,开放赎回
2020-11-11,1.8157,1.8157,-1.94%,开放申购,开放赎回
2020-11-12,1.8241,1.8241,0.46%,开放申购,开放赎回
2020-11-13,1.8225,1.8225,-0.09%,开放申购,开放赎回
2020-11-16,1.8307,1.8307,0.45%,开放申购,开放赎回
2020-11-17,1.8076,1.8076,-1.26%,开放申购,开放赎回
2020-11-18,1.7958,1.7958,-0.65%,开放申购,开放赎回
2020-11-19,1.8106,1.8106,0.82%,开放申购,开放赎回
2020-11-20,1.8200,1.8200,0.52%,开放申购,开放赎回
2020-11-23,1.8450,1.8450,1.37%,开放申购,开放赎回
2020-11-24,1.8367,1.8367,-0.45%,开放申购,开放赎回
2020-11-25,1.8087,1.8087,-1.52%,开放申购,开放赎回
2020-11-26,1.8091,1.8091,0.02%,开放申购,开放赎回
2020-11-27,1.8260,1.8260,0.93%,开放申购,开放赎回
2020-11-30,1.8260,1.8260,0.00%,开放申购,开放赎回
2020-12-01,1.8666,1.8666,2.22%,开放申购,开放赎回
2020-12-02,1.8730,1.8730,0.34%,开放申购,开放赎回
2020-12-03,1.8665,1.8665,-0.35%,开放申购,开放赎回
2020-12-04,1.8828,1.8828,0.87%,开放申购,开放赎回
2020-12-07,1.8800,1.8800,-0.15%,开放申购,开放赎回
2020-12-08,1.8770,1.8770,-0.16%,开放申购,开放赎回
2020-12-09,1.8489,1.8489,-1.50%,开放申购,开放赎回
2020-12-10,1.8751,1.8751,1.42%,开放申购,开放赎回
2020-12-11,1.8553,1.8553,-1.06%,开放申购,开放赎回
2020-12-14,1.8797,1.8797,1.32%,开放申购,开放赎回
2020-12-15,1.8836,1.8836,0.21%,开放申购,开放赎回
2020-12-16,1.8869,1.8869,0.18%,开放申购,开放赎回
2020-12-17,1.9078,1.9078,1.11%,开放申购,开放赎回
2020-12-18,1.9009,1.9009,-0.36%,开放申购,开放赎回
2020-12-21,1.9321,1.9321,1.64%,开放申购,开放赎回
2020-12-22,1.8958,1.8958,-1.88%,开放申购,开放赎回
2020-12-23,1.9255,1.9255,1.57%,开放申购,开放赎回
2020-12-24,1.9321,1.9321,0.34%,开放申购,开放赎回
2020-12-25,1.9525,1.9525,1.06%,开放申购,开放赎回
2020-12-28,1.9505,1.9505,-0.10%,开放申购,开放赎回
2020-12-29,1.9290,1.9290,-1.10%,开放申购,开放赎回
2020-12-30,1.9627,1.9627,1.75%,开放申购,开放赎回
2020-12-31,1.9997,1.9997,1.89%,开放申购,开放赎回
2021-01-04,2.0474,2.0474,2.39%,开放申购,开放赎回
2021-01-05,2.0939,2.0939,2.27%,开放申购,开放赎回
2021-01-06,2.1077,2.1077,0.66%,开放申购,开放赎回
2021-01-07,2.1552,2.1552,2.25%,开放申购,开放赎回
2021-01-08,2.1286,2.1286,-1.23%,开放申购,开放赎回
2021-01-11,2.1082,2.1082,-0.96%,开放申购,开放赎回
2021-01-12,2.1774,2.1774,3.28%,开放申购,开放赎回
2021-01-13,2.1716,2.1716,-0.27%,开放申购,开放赎回
2021-01-14,2.1231,2.1231,-2.23%,开放申购,开放赎回
2021-01-15,2.1327,2.1327,0.45%,开放申购,开放赎回
2021-01-18,2.1814,2.1814,2.28%,开放申购,开放赎回
2021-01-19,2.1367,2.1367,-2.05%,开放申购,开放赎回
2021-01-20,2.1892,2.1892,2.46%,开放申购,开放赎回
2021-01-21,2.2370,2.2370,2.18%,开放申购,开放赎回
2021-01-22,2.2765,2.2765,1.77%,开放申购,开放赎回
2021-01-25,2.2930,2.2930,0.72%,开放申购,开放赎回
2021-01-26,2.2298,2.2298,-2.76%,开放申购,开放赎回
2021-01-27,2.2436,2.2436,0.62%,开放申购,开放赎回
2021-01-28,2.1556,2.1556,-3.92%,开放申购,开放赎回
2021-01-29,2.1471,2.1471,-0.39%,开放申购,开放赎回
2021-02-01,2.1818,2.1818,1.62%,开放申购,开放赎回
2021-02-02,2.2299,2.2299,2.20%,开放申购,开放赎回
2021-02-03,2.2178,2.2178,-0.54%,开放申购,开放赎回
2021-02-04,2.1867,2.1867,-1.40%,开放申购,开放赎回
2021-02-05,2.1836,2.1836,-0.14%,开放申购,开放赎回
2021-02-08,2.2317,2.2317,2.20%,开放申购,开放赎回
2021-02-09,2.2956,2.2956,2.86%,开放申购,开放赎回
2021-02-10,2.3383,2.3383,1.86%,开放申购,开放赎回
2021-02-18,2.2967,2.2967,-1.78%,开放申购,开放赎回
2021-02-19,2.2489,2.2489,-2.08%,开放申购,开放赎回
2021-02-22,2.1576,2.1576,-4.06%,开放申购,开放赎回
2021-02-23,2.1421,2.1421,-0.72%,开放申购,开放赎回
2021-02-24,2.0718,2.0718,-3.28%,开放申购,开放赎回
2021-02-25,2.0692,2.0692,-0.13%,开放申购,开放赎回
2021-02-26,2.0299,2.0299,-1.90%,开放申购,开放赎回
2021-03-01,2.0922,2.0922,3.07%,开放申购,开放赎回
2021-03-02,2.0748,2.0748,-0.83%,开放申购,开放赎回
2021-03-03,2.0947,2.0947,0.96%,开放申购,开放赎回
2021-03-04,1.9974,1.9974,-4.65%,开放申购,开放赎回
2021-03-05,1.9935,1.9935,-0.20%,开放申购,开放赎回
2021-03-08,1.8911,1.8911,-5.14%,开放申购,开放赎回
2021-03-09,1.8314,1.8314,-3.16%,开放申购,开放赎回
2021-03-10,1.8696,1.8696,2.09%,开放申购,开放赎回
2021-03-11,1.9108,1.9108,2.20%,开放申购,开放赎回
2021-03-12,1.9191,1.9191,0.43%,开放申购,开放赎回
2021-03-15,1.8600,1.8600,-3.08%,开放申购,开放赎回
2021-03-16,1.8705,1.8705,0.56%,开放申购,开放赎回
2021-03-17,1.9006,1.9006,1.61%,开放申购,开放赎回
2021-03-18,1.9404,1.9404,2.09%,开放申购,开放赎回
2021-03-19,1.9031,1.9031,-1.92%,开放申购,开放赎回
2021-03-22,1.9166,1.9166,0.71%,开放申购,开放赎回
2021-03-23,1.8918,1.8918,-1.29%,开放申购,开放赎回
2021-03-24,1.8586,1.8586,-1.75%,开放申购,开放赎回
2021-03-25,1.8768,1.8768,0.98%,开放申购,开放赎回
2021-03-26,1.9343,1.9343,3.06%,开放申购,开放赎回
2021-03-29,1.9448,1.9448,0.54%,开放申购,开放赎回
2021-03-30,1.9693,1.9693,1.26%,开放申购,开放赎回
2021-03-31,1.9476,1.9476,-1.10%,开放申购,开放赎回
2021-04-01,1.9849,1.9849,1.92%,开放申购,开放赎回
2021-04-02,2.0165,2.0165,1.59%,开放申购,开放赎回
2021-04-06,2.0121,2.0121,-0.22%,开放申购,开放赎回
2021-04-07,2.0037,2.0037,-0.42%,开放申购,开放赎回
