2009-10-14,1.0000,1.0000,0%,封闭期,封闭期
2009-10-16,1.0000,1.0000,0.00%,封闭期,封闭期
2009-10-23,1.0160,1.0160,1.60%,封闭期,封闭期
2009-10-30,1.0010,1.0010,-1.48%,开放申购,开放赎回
2009-11-02,1.0290,1.0290,2.80%,开放申购,开放赎回
2009-11-03,1.0410,1.0410,1.17%,开放申购,开放赎回
2009-11-04,1.0460,1.0460,0.48%,开放申购,开放赎回
2009-11-05,1.0490,1.0490,0.29%,开放申购,开放赎回
2009-11-06,1.0540,1.0540,0.48%,开放申购,开放赎回
2009-11-09,1.0570,1.0570,0.28%,开放申购,开放赎回
2009-11-10,1.0590,1.0590,0.19%,开放申购,开放赎回
2009-11-11,1.0570,1.0570,-0.19%,开放申购,开放赎回
2009-11-12,1.0580,1.0580,0.09%,开放申购,开放赎回
2009-11-13,1.0640,1.0640,0.57%,开放申购,开放赎回
2009-11-16,1.0940,1.0940,2.82%,开放申购,开放赎回
2009-11-17,1.0940,1.0940,0.00%,开放申购,开放赎回
2009-11-18,1.0950,1.0950,0.09%,开放申购,开放赎回
2009-11-19,1.0980,1.0980,0.27%,开放申购,开放赎回
2009-11-20,1.0950,1.0950,-0.27%,开放申购,开放赎回
2009-11-23,1.1050,1.1050,0.91%,开放申购,开放赎回
2009-11-24,1.0720,1.0720,-2.99%,开放申购,开放赎回
2009-11-25,1.0930,1.0930,1.96%,开放申购,开放赎回
2009-11-26,1.0550,1.0550,-3.48%,开放申购,开放赎回
2009-11-27,1.0280,1.0280,-2.56%,开放申购,开放赎回
2009-11-30,1.0630,1.0630,3.40%,开放申购,开放赎回
2009-12-01,1.0770,1.0770,1.32%,开放申购,开放赎回
2009-12-02,1.0870,1.0870,0.93%,开放申购,开放赎回
2009-12-03,1.0850,1.0850,-0.18%,开放申购,开放赎回
2009-12-04,1.1000,1.1000,1.38%,开放申购,开放赎回
2009-12-07,1.1070,1.1070,0.64%,开放申购,开放赎回
2009-12-08,1.0940,1.0940,-1.17%,开放申购,开放赎回
2009-12-09,1.0750,1.0750,-1.74%,开放申购,开放赎回
2009-12-10,1.0810,1.0810,0.56%,开放申购,开放赎回
2009-12-11,1.0800,1.0800,-0.09%,开放申购,开放赎回
2009-12-14,1.0900,1.0900,0.93%,开放申购,开放赎回
2009-12-15,1.0820,1.0820,-0.73%,开放申购,开放赎回
2009-12-16,1.0760,1.0760,-0.55%,开放申购,开放赎回
2009-12-17,1.0530,1.0530,-2.14%,开放申购,开放赎回
2009-12-18,1.0290,1.0290,-2.28%,开放申购,开放赎回
2009-12-21,1.0300,1.0300,0.10%,开放申购,开放赎回
2009-12-22,1.0050,1.0050,-2.43%,开放申购,开放赎回
2009-12-23,1.0140,1.0140,0.90%,开放申购,开放赎回
2009-12-24,1.0420,1.0420,2.76%,开放申购,开放赎回
2009-12-25,1.0380,1.0380,-0.38%,开放申购,开放赎回
2009-12-28,1.0530,1.0530,1.45%,开放申购,开放赎回
2009-12-29,1.0590,1.0590,0.57%,开放申购,开放赎回
2009-12-30,1.0760,1.0760,1.61%,开放申购,开放赎回
2009-12-31,1.0800,1.0800,0.37%,开放申购,开放赎回
2010-01-04,1.0690,1.0690,-1.02%,开放申购,开放赎回
2010-01-05,1.0770,1.0770,0.75%,开放申购,开放赎回
2010-01-06,1.0710,1.0710,-0.56%,开放申购,开放赎回
2010-01-07,1.0510,1.0510,-1.87%,开放申购,开放赎回
2010-01-08,1.0530,1.0530,0.19%,开放申购,开放赎回
2010-01-11,1.0540,1.0540,0.10%,开放申购,开放赎回
2010-01-12,1.0680,1.0680,1.33%,开放申购,开放赎回
2010-01-13,1.0370,1.0370,-2.90%,开放申购,开放赎回
2010-01-14,1.0500,1.0500,1.25%,开放申购,开放赎回
2010-01-15,1.0540,1.0540,0.38%,开放申购,开放赎回
2010-01-18,1.0590,1.0590,0.47%,开放申购,开放赎回
2010-01-19,1.0610,1.0610,0.19%,开放申购,开放赎回
2010-01-20,1.0270,1.0270,-3.20%,开放申购,开放赎回
2010-01-21,1.0310,1.0310,0.39%,开放申购,开放赎回
2010-01-22,1.0190,1.0190,-1.16%,开放申购,开放赎回
2010-01-25,1.0080,1.0080,-1.08%,开放申购,开放赎回
2010-01-26,0.9850,0.9850,-2.28%,开放申购,开放赎回
2010-01-27,0.9740,0.9740,-1.12%,开放申购,开放赎回
2010-01-28,0.9760,0.9760,0.21%,开放申购,开放赎回
2010-01-29,0.9750,0.9750,-0.10%,开放申购,开放赎回
2010-02-01,0.9600,0.9600,-1.54%,开放申购,开放赎回
2010-02-02,0.9590,0.9590,-0.10%,开放申购,开放赎回
2010-02-03,0.9830,0.9830,2.50%,开放申购,开放赎回
2010-02-04,0.9790,0.9790,-0.41%,开放申购,开放赎回
2010-02-05,0.9610,0.9610,-1.84%,开放申购,开放赎回
2010-02-08,0.9600,0.9600,-0.10%,开放申购,开放赎回
2010-02-09,0.9650,0.9650,0.52%,开放申购,开放赎回
2010-02-10,0.9780,0.9780,1.35%,开放申购,开放赎回
2010-02-11,0.9790,0.9790,0.10%,开放申购,开放赎回
2010-02-12,0.9880,0.9880,0.92%,开放申购,开放赎回
2010-02-22,0.9830,0.9830,-0.51%,开放申购,开放赎回
2010-02-23,0.9730,0.9730,-1.02%,开放申购,开放赎回
2010-02-24,0.9860,0.9860,1.34%,开放申购,开放赎回
2010-02-25,0.9990,0.9990,1.32%,开放申购,开放赎回
2010-02-26,0.9960,0.9960,-0.30%,开放申购,开放赎回
2010-03-01,1.0080,1.0080,1.20%,开放申购,开放赎回
2010-03-02,1.0040,1.0040,-0.40%,开放申购,开放赎回
2010-03-03,1.0110,1.0110,0.70%,开放申购,开放赎回
2010-03-04,0.9870,0.9870,-2.37%,开放申购,开放赎回
2010-03-05,0.9900,0.9900,0.30%,开放申购,开放赎回
2010-03-08,0.9970,0.9970,0.71%,开放申购,开放赎回
2010-03-09,1.0030,1.0030,0.60%,开放申购,开放赎回
2010-03-10,0.9950,0.9950,-0.80%,开放申购,开放赎回
2010-03-11,0.9950,0.9950,0.00%,开放申购,开放赎回
2010-03-12,0.9820,0.9820,-1.31%,开放申购,开放赎回
2010-03-15,0.9680,0.9680,-1.43%,开放申购,开放赎回
2010-03-16,0.9740,0.9740,0.62%,开放申购,开放赎回
2010-03-17,0.9940,0.9940,2.05%,开放申购,开放赎回
2010-03-18,0.9920,0.9920,-0.20%,开放申购,开放赎回
2010-03-19,0.9990,0.9990,0.71%,开放申购,开放赎回
2010-03-22,1.0010,1.0010,0.20%,开放申购,开放赎回
2010-03-23,0.9940,0.9940,-0.70%,开放申购,开放赎回
2010-03-24,0.9940,0.9940,0.00%,开放申购,开放赎回
2010-03-25,0.9810,0.9810,-1.31%,开放申购,开放赎回
2010-03-26,0.9940,0.9940,1.33%,开放申购,开放赎回
2010-03-29,1.0170,1.0170,2.31%,开放申购,开放赎回
2010-03-30,1.0200,1.0200,0.30%,开放申购,开放赎回
2010-03-31,1.0140,1.0140,-0.59%,开放申购,开放赎回
2010-04-01,1.0270,1.0270,1.28%,开放申购,开放赎回
2010-04-02,1.0310,1.0310,0.39%,开放申购,开放赎回
2010-04-06,1.0300,1.0300,-0.10%,开放申购,开放赎回
2010-04-07,1.0250,1.0250,-0.49%,开放申购,开放赎回
2010-04-08,1.0140,1.0140,-1.07%,开放申购,开放赎回
2010-04-09,1.0230,1.0230,0.89%,开放申购,开放赎回
2010-04-12,1.0150,1.0150,-0.78%,开放申购,开放赎回
2010-04-13,1.0270,1.0270,1.18%,开放申购,开放赎回
2010-04-14,1.0300,1.0300,0.29%,开放申购,开放赎回
2010-04-15,1.0280,1.0280,-0.19%,开放申购,开放赎回
2010-04-16,1.0160,1.0160,-1.17%,开放申购,开放赎回
2010-04-19,0.9620,0.9620,-5.32%,开放申购,开放赎回
2010-04-20,0.9610,0.9610,-0.10%,开放申购,开放赎回
2010-04-21,0.9780,0.9780,1.77%,开放申购,开放赎回
2010-04-22,0.9690,0.9690,-0.92%,开放申购,开放赎回
2010-04-23,0.9650,0.9650,-0.41%,开放申购,开放赎回
2010-04-26,0.9600,0.9600,-0.52%,开放申购,开放赎回
2010-04-27,0.9420,0.9420,-1.88%,开放申购,开放赎回
2010-04-28,0.9390,0.9390,-0.32%,开放申购,开放赎回
2010-04-29,0.9280,0.9280,-1.17%,开放申购,开放赎回
2010-04-30,0.9310,0.9310,0.32%,开放申购,开放赎回
2010-05-04,0.9170,0.9170,-1.50%,开放申购,开放赎回
2010-05-05,0.9220,0.9220,0.55%,开放申购,开放赎回
2010-05-06,0.8830,0.8830,-4.23%,开放申购,开放赎回
2010-05-07,0.8660,0.8660,-1.93%,开放申购,开放赎回
2010-05-10,0.8730,0.8730,0.81%,开放申购,开放赎回
2010-05-11,0.8560,0.8560,-1.95%,开放申购,开放赎回
2010-05-12,0.8620,0.8620,0.70%,开放申购,开放赎回
2010-05-13,0.8810,0.8810,2.20%,开放申购,开放赎回
2010-05-14,0.8760,0.8760,-0.57%,开放申购,开放赎回
2010-05-17,0.8330,0.8330,-4.91%,开放申购,开放赎回
2010-05-18,0.8490,0.8490,1.92%,开放申购,开放赎回
2010-05-19,0.8460,0.8460,-0.35%,开放申购,开放赎回
2010-05-20,0.8350,0.8350,-1.30%,开放申购,开放赎回
2010-05-21,0.8480,0.8480,1.56%,开放申购,开放赎回
2010-05-24,0.8780,0.8780,3.54%,开放申购,开放赎回
2010-05-25,0.8600,0.8600,-2.05%,开放申购,开放赎回
2010-05-26,0.8600,0.8600,0.00%,开放申购,开放赎回
2010-05-27,0.8740,0.8740,1.63%,开放申购,开放赎回
2010-05-28,0.8710,0.8710,-0.34%,开放申购,开放赎回
2010-05-31,0.8490,0.8490,-2.53%,开放申购,开放赎回
2010-06-01,0.8410,0.8410,-0.94%,开放申购,开放赎回
2010-06-02,0.8440,0.8440,0.36%,开放申购,开放赎回
2010-06-03,0.8380,0.8380,-0.71%,开放申购,开放赎回
2010-06-04,0.8410,0.8410,0.36%,开放申购,开放赎回
2010-06-07,0.8270,0.8270,-1.66%,开放申购,开放赎回
2010-06-08,0.8280,0.8280,0.12%,开放申购,开放赎回
2010-06-09,0.8520,0.8520,2.90%,开放申购,开放赎回
2010-06-10,0.8420,0.8420,-1.17%,开放申购,开放赎回
2010-06-11,0.8450,0.8450,0.36%,开放申购,开放赎回
2010-06-17,0.8400,0.8400,-0.59%,开放申购,开放赎回
2010-06-18,0.8270,0.8270,-1.55%,开放申购,开放赎回
2010-06-21,0.8520,0.8520,3.02%,开放申购,开放赎回
2010-06-22,0.8520,0.8520,0.00%,开放申购,开放赎回
2010-06-23,0.8450,0.8450,-0.82%,开放申购,开放赎回
2010-06-24,0.8450,0.8450,0.00%,开放申购,开放赎回
2010-06-25,0.8390,0.8390,-0.71%,开放申购,开放赎回
2010-06-28,0.8340,0.8340,-0.60%,开放申购,开放赎回
2010-06-29,0.7980,0.7980,-4.32%,开放申购,开放赎回
2010-06-30,0.7890,0.7890,-1.13%,开放申购,开放赎回
2010-07-01,0.7790,0.7790,-1.27%,开放申购,开放赎回
2010-07-02,0.7810,0.7810,0.26%,开放申购,开放赎回
2010-07-05,0.7750,0.7750,-0.77%,开放申购,开放赎回
2010-07-06,0.7900,0.7900,1.94%,开放申购,开放赎回
2010-07-07,0.7950,0.7950,0.63%,开放申购,开放赎回
2010-07-08,0.7940,0.7940,-0.13%,开放申购,开放赎回
2010-07-09,0.8150,0.8150,2.64%,开放申购,开放赎回
2010-07-12,0.8230,0.8230,0.98%,开放申购,开放赎回
2010-07-13,0.8120,0.8120,-1.34%,开放申购,开放赎回
2010-07-14,0.8170,0.8170,0.62%,开放申购,开放赎回
2010-07-15,0.8040,0.8040,-1.59%,开放申购,开放赎回
2010-07-16,0.8060,0.8060,0.25%,开放申购,开放赎回
2010-07-19,0.8260,0.8260,2.48%,开放申购,开放赎回
2010-07-20,0.8430,0.8430,2.06%,开放申购,开放赎回
2010-07-21,0.8450,0.8450,0.24%,开放申购,开放赎回
2010-07-22,0.8560,0.8560,1.30%,开放申购,开放赎回
2010-07-23,0.8590,0.8590,0.35%,开放申购,开放赎回
2010-07-26,0.8640,0.8640,0.58%,开放申购,开放赎回
2010-07-27,0.8600,0.8600,-0.46%,开放申购,开放赎回
2010-07-28,0.8810,0.8810,2.44%,开放申购,开放赎回
2010-07-29,0.8850,0.8850,0.45%,开放申购,开放赎回
2010-07-30,0.8830,0.8830,-0.23%,开放申购,开放赎回
2010-08-02,0.8970,0.8970,1.59%,开放申购,开放赎回
2010-08-03,0.8820,0.8820,-1.67%,开放申购,开放赎回
2010-08-04,0.8850,0.8850,0.34%,开放申购,开放赎回
2010-08-05,0.8770,0.8770,-0.90%,开放申购,开放赎回
2010-08-06,0.8910,0.8910,1.60%,开放申购,开放赎回
2010-08-09,0.8970,0.8970,0.67%,开放申购,开放赎回
2010-08-10,0.8710,0.8710,-2.90%,开放申购,开放赎回
2010-08-11,0.8760,0.8760,0.57%,开放申购,开放赎回
2010-08-12,0.8650,0.8650,-1.26%,开放申购,开放赎回
2010-08-13,0.8770,0.8770,1.39%,开放申购,开放赎回
2010-08-16,0.8970,0.8970,2.28%,开放申购,开放赎回
2010-08-17,0.9030,0.9030,0.67%,开放申购,开放赎回
2010-08-18,0.9010,0.9010,-0.22%,开放申购,开放赎回
2010-08-19,0.9070,0.9070,0.67%,开放申购,开放赎回
2010-08-20,0.8900,0.8900,-1.87%,开放申购,开放赎回
2010-08-23,0.8890,0.8890,-0.11%,开放申购,开放赎回
2010-08-24,0.8940,0.8940,0.56%,开放申购,开放赎回
2010-08-25,0.8730,0.8730,-2.35%,开放申购,开放赎回
2010-08-26,0.8750,0.8750,0.23%,开放申购,开放赎回
2010-08-27,0.8770,0.8770,0.23%,开放申购,开放赎回
2010-08-30,0.8940,0.8940,1.94%,开放申购,开放赎回
2010-08-31,0.8900,0.8900,-0.45%,开放申购,开放赎回
2010-09-01,0.8840,0.8840,-0.67%,开放申购,开放赎回
2010-09-02,0.8950,0.8950,1.24%,开放申购,开放赎回
2010-09-03,0.8950,0.8950,0.00%,开放申购,开放赎回
2010-09-06,0.9100,0.9100,1.68%,开放申购,开放赎回
2010-09-07,0.9130,0.9130,0.33%,开放申购,开放赎回
2010-09-08,0.9120,0.9120,-0.11%,开放申购,开放赎回
2010-09-09,0.8960,0.8960,-1.75%,开放申购,开放赎回
2010-09-10,0.8980,0.8980,0.22%,开放申购,开放赎回
2010-09-13,0.9070,0.9070,1.00%,开放申购,开放赎回
2010-09-14,0.9080,0.9080,0.11%,开放申购,开放赎回
2010-09-15,0.8920,0.8920,-1.76%,开放申购,开放赎回
2010-09-16,0.8760,0.8760,-1.79%,开放申购,开放赎回
2010-09-17,0.8770,0.8770,0.11%,开放申购,开放赎回
2010-09-20,0.8740,0.8740,-0.34%,开放申购,开放赎回
2010-09-21,0.8760,0.8760,0.23%,开放申购,开放赎回
2010-09-27,0.8900,0.8900,1.60%,开放申购,开放赎回
2010-09-28,0.8830,0.8830,-0.79%,开放申购,开放赎回
2010-09-29,0.8810,0.8810,-0.23%,开放申购,开放赎回
2010-09-30,0.8980,0.8980,1.93%,开放申购,开放赎回
2010-10-08,0.9300,0.9300,3.56%,开放申购,开放赎回
2010-10-11,0.9560,0.9560,2.80%,开放申购,开放赎回
2010-10-12,0.9670,0.9670,1.15%,开放申购,开放赎回
2010-10-13,0.9800,0.9800,1.34%,开放申购,开放赎回
2010-10-14,0.9810,0.9810,0.10%,开放申购,开放赎回
2010-10-15,1.0110,1.0110,3.06%,开放申购,开放赎回
2010-10-18,1.0050,1.0050,-0.59%,开放申购,开放赎回
2010-10-19,1.0250,1.0250,1.99%,开放申购,开放赎回
2010-10-20,1.0310,1.0310,0.59%,开放申购,开放赎回
2010-10-21,1.0250,1.0250,-0.58%,开放申购,开放赎回
2010-10-22,1.0260,1.0260,0.10%,开放申购,开放赎回
2010-10-25,1.0550,1.0550,2.83%,开放申购,开放赎回
2010-10-26,1.0510,1.0510,-0.38%,开放申购,开放赎回
2010-10-27,1.0330,1.0330,-1.71%,开放申购,开放赎回
2010-10-28,1.0310,1.0310,-0.19%,开放申购,开放赎回
2010-10-29,1.0260,1.0260,-0.49%,开放申购,开放赎回
2010-11-01,1.0530,1.0530,2.63%,开放申购,开放赎回
2010-11-02,1.0500,1.0500,-0.28%,开放申购,开放赎回
2010-11-03,1.0370,1.0370,-1.24%,开放申购,开放赎回
2010-11-04,1.0550,1.0550,1.74%,开放申购,开放赎回
2010-11-05,1.0670,1.0670,1.14%,开放申购,开放赎回
2010-11-08,1.0750,1.0750,0.75%,开放申购,开放赎回
2010-11-09,1.0670,1.0670,-0.74%,开放申购,开放赎回
2010-11-10,1.0600,1.0600,-0.66%,开放申购,开放赎回
2010-11-11,1.0630,1.0630,0.28%,开放申购,开放赎回
2010-11-12,1.0010,1.0010,-5.83%,开放申购,开放赎回
2010-11-15,1.0080,1.0080,0.70%,开放申购,开放赎回
2010-11-16,0.9670,0.9670,-4.07%,开放申购,开放赎回
2010-11-17,0.9480,0.9480,-1.96%,开放申购,开放赎回
2010-11-18,0.9610,0.9610,1.37%,开放申购,开放赎回
2010-11-19,0.9690,0.9690,0.83%,开放申购,开放赎回
2010-11-22,0.9670,0.9670,-0.21%,开放申购,开放赎回
2010-11-23,0.9490,0.9490,-1.86%,开放申购,开放赎回
2010-11-24,0.9680,0.9680,2.00%,开放申购,开放赎回
2010-11-25,0.9810,0.9810,1.34%,开放申购,开放赎回
2010-11-26,0.9730,0.9730,-0.82%,开放申购,开放赎回
2010-11-29,0.9710,0.9710,-0.21%,开放申购,开放赎回
2010-11-30,0.9560,0.9560,-1.54%,开放申购,开放赎回
2010-12-01,0.9550,0.9550,-0.10%,开放申购,开放赎回
2010-12-02,0.9600,0.9600,0.52%,开放申购,开放赎回
2010-12-03,0.9610,0.9610,0.10%,开放申购,开放赎回
2010-12-06,0.9630,0.9630,0.21%,开放申购,开放赎回
2010-12-07,0.9730,0.9730,1.04%,开放申购,开放赎回
2010-12-08,0.9650,0.9650,-0.82%,开放申购,开放赎回
2010-12-09,0.9510,0.9510,-1.45%,开放申购,开放赎回
2010-12-10,0.9620,0.9620,1.16%,开放申购,开放赎回
2010-12-13,0.9910,0.9910,3.01%,开放申购,开放赎回
2010-12-14,0.9930,0.9930,0.20%,开放申购,开放赎回
2010-12-15,0.9870,0.9870,-0.60%,开放申购,开放赎回
2010-12-16,0.9820,0.9820,-0.51%,开放申购,开放赎回
2010-12-17,0.9800,0.9800,-0.20%,开放申购,开放赎回
2010-12-20,0.9670,0.9670,-1.33%,开放申购,开放赎回
2010-12-21,0.9870,0.9870,2.07%,开放申购,开放赎回
2010-12-22,0.9770,0.9770,-1.01%,开放申购,开放赎回
2010-12-23,0.9700,0.9700,-0.72%,开放申购,开放赎回
2010-12-24,0.9620,0.9620,-0.82%,开放申购,开放赎回
2010-12-27,0.9440,0.9440,-1.87%,开放申购,开放赎回
2010-12-28,0.9280,0.9280,-1.69%,开放申购,开放赎回
2010-12-29,0.9330,0.9330,0.54%,开放申购,开放赎回
2010-12-30,0.9340,0.9340,0.11%,开放申购,开放赎回
2010-12-31,0.9520,0.9520,1.93%,开放申购,开放赎回
2011-01-04,0.9680,0.9680,1.68%,开放申购,开放赎回
2011-01-05,0.9640,0.9640,-0.41%,开放申购,开放赎回
2011-01-06,0.9590,0.9590,-0.52%,开放申购,开放赎回
2011-01-07,0.9610,0.9610,0.21%,开放申购,开放赎回
2011-01-10,0.9440,0.9440,-1.77%,开放申购,开放赎回
2011-01-11,0.9490,0.9490,0.53%,开放申购,开放赎回
2011-01-12,0.9540,0.9540,0.53%,开放申购,开放赎回
2011-01-13,0.9540,0.9540,0.00%,开放申购,开放赎回
2011-01-14,0.9390,0.9390,-1.57%,开放申购,开放赎回
2011-01-17,0.9060,0.9060,-3.51%,开放申购,开放赎回
2011-01-18,0.9070,0.9070,0.11%,开放申购,开放赎回
2011-01-19,0.9260,0.9260,2.09%,开放申购,开放赎回
2011-01-20,0.8970,0.8970,-3.13%,开放申购,开放赎回
2011-01-21,0.9080,0.9080,1.23%,开放申购,开放赎回
2011-01-24,0.9000,0.9000,-0.88%,开放申购,开放赎回
2011-01-25,0.8950,0.8950,-0.56%,开放申购,开放赎回
2011-01-26,0.9060,0.9060,1.23%,开放申购,开放赎回
2011-01-27,0.9200,0.9200,1.55%,开放申购,开放赎回
2011-01-28,0.9230,0.9230,0.33%,开放申购,开放赎回
2011-01-31,0.9340,0.9340,1.19%,开放申购,开放赎回
2011-02-01,0.9340,0.9340,0.00%,开放申购,开放赎回
2011-02-09,0.9240,0.9240,-1.07%,开放申购,开放赎回
2011-02-10,0.9420,0.9420,1.95%,开放申购,开放赎回
2011-02-11,0.9470,0.9470,0.53%,开放申购,开放赎回
2011-02-14,0.9750,0.9750,2.96%,开放申购,开放赎回
2011-02-15,0.9740,0.9740,-0.10%,开放申购,开放赎回
2011-02-16,0.9830,0.9830,0.92%,开放申购,开放赎回
2011-02-17,0.9830,0.9830,0.00%,开放申购,开放赎回
2011-02-18,0.9730,0.9730,-1.02%,开放申购,开放赎回
2011-02-21,0.9860,0.9860,1.34%,开放申购,开放赎回
2011-02-22,0.9590,0.9590,-2.74%,开放申购,开放赎回
2011-02-23,0.9620,0.9620,0.31%,开放申购,开放赎回
2011-02-24,0.9670,0.9670,0.52%,开放申购,开放赎回
2011-02-25,0.9690,0.9690,0.21%,开放申购,开放赎回
2011-02-28,0.9810,0.9810,1.24%,开放申购,开放赎回
2011-03-01,0.9850,0.9850,0.41%,开放申购,开放赎回
2011-03-02,0.9820,0.9820,-0.30%,开放申购,开放赎回
2011-03-03,0.9750,0.9750,-0.71%,开放申购,开放赎回
2011-03-04,0.9900,0.9900,1.54%,开放申购,开放赎回
2011-03-07,1.0080,1.0080,1.82%,开放申购,开放赎回
2011-03-08,1.0090,1.0090,0.10%,开放申购,开放赎回
2011-03-09,1.0090,1.0090,0.00%,开放申购,开放赎回
2011-03-10,0.9920,0.9920,-1.68%,开放申购,开放赎回
2011-03-11,0.9830,0.9830,-0.91%,开放申购,开放赎回
2011-03-14,0.9870,0.9870,0.41%,开放申购,开放赎回
2011-03-15,0.9710,0.9710,-1.62%,开放申购,开放赎回
2011-03-16,0.9830,0.9830,1.24%,开放申购,开放赎回
2011-03-17,0.9680,0.9680,-1.53%,开放申购,开放赎回
2011-03-18,0.9740,0.9740,0.62%,开放申购,开放赎回
2011-03-21,0.9710,0.9710,-0.31%,开放申购,开放赎回
2011-03-22,0.9750,0.9750,0.41%,开放申购,开放赎回
2011-03-23,0.9860,0.9860,1.13%,开放申购,开放赎回
2011-03-24,0.9820,0.9820,-0.41%,开放申购,开放赎回
2011-03-25,0.9940,0.9940,1.22%,开放申购,开放赎回
2011-03-28,0.9930,0.9930,-0.10%,开放申购,开放赎回
2011-03-29,0.9830,0.9830,-1.01%,开放申购,开放赎回
2011-03-30,0.9830,0.9830,0.00%,开放申购,开放赎回
2011-03-31,0.9740,0.9740,-0.92%,开放申购,开放赎回
2011-04-01,0.9880,0.9880,1.44%,开放申购,开放赎回
2011-04-06,0.9980,0.9980,1.01%,开放申购,开放赎回
2011-04-07,1.0020,1.0020,0.40%,开放申购,开放赎回
2011-04-08,1.0110,1.0110,0.90%,开放申购,开放赎回
2011-04-11,1.0050,1.0050,-0.59%,开放申购,开放赎回
2011-04-12,1.0030,1.0030,-0.20%,开放申购,开放赎回
2011-04-13,1.0160,1.0160,1.30%,开放申购,开放赎回
2011-04-14,1.0100,1.0100,-0.59%,开放申购,开放赎回
2011-04-15,1.0120,1.0120,0.20%,开放申购,开放赎回
2011-04-18,1.0120,1.0120,0.00%,开放申购,开放赎回
2011-04-19,0.9940,0.9940,-1.78%,开放申购,开放赎回
2011-04-20,0.9940,0.9940,0.00%,开放申购,开放赎回
2011-04-21,1.0000,1.0000,0.60%,开放申购,开放赎回
2011-04-22,0.9950,0.9950,-0.50%,开放申购,开放赎回
2011-04-25,0.9800,0.9800,-1.51%,开放申购,开放赎回
2011-04-26,0.9750,0.9750,-0.51%,开放申购,开放赎回
2011-04-27,0.9690,0.9690,-0.62%,开放申购,开放赎回
2011-04-28,0.9560,0.9560,-1.34%,开放申购,开放赎回
2011-04-29,0.9640,0.9640,0.84%,开放申购,开放赎回
2011-05-03,0.9700,0.9700,0.62%,开放申购,开放赎回
2011-05-04,0.9460,0.9460,-2.47%,开放申购,开放赎回
2011-05-05,0.9450,0.9450,-0.11%,开放申购,开放赎回
2011-05-06,0.9440,0.9440,-0.11%,开放申购,开放赎回
2011-05-09,0.9470,0.9470,0.32%,开放申购,开放赎回
2011-05-10,0.9530,0.9530,0.63%,开放申购,开放赎回
2011-05-11,0.9510,0.9510,-0.21%,开放申购,开放赎回
2011-05-12,0.9380,0.9380,-1.37%,开放申购,开放赎回
2011-05-13,0.9460,0.9460,0.85%,开放申购,开放赎回
2011-05-16,0.9380,0.9380,-0.85%,开放申购,开放赎回
2011-05-17,0.9430,0.9430,0.53%,开放申购,开放赎回
2011-05-18,0.9490,0.9490,0.64%,开放申购,开放赎回
2011-05-19,0.9440,0.9440,-0.53%,开放申购,开放赎回
2011-05-20,0.9440,0.9440,0.00%,开放申购,开放赎回
2011-05-23,0.9160,0.9160,-2.97%,开放申购,开放赎回
2011-05-24,0.9170,0.9170,0.11%,开放申购,开放赎回
2011-05-25,0.9070,0.9070,-1.09%,开放申购,开放赎回
2011-05-26,0.9030,0.9030,-0.44%,开放申购,开放赎回
2011-05-27,0.8990,0.8990,-0.44%,开放申购,开放赎回
2011-05-30,0.8970,0.8970,-0.22%,开放申购,开放赎回
2011-05-31,0.9100,0.9100,1.45%,开放申购,开放赎回
2011-06-01,0.9110,0.9110,0.11%,开放申购,开放赎回
2011-06-02,0.8970,0.8970,-1.54%,开放申购,开放赎回
2011-06-03,0.9060,0.9060,1.00%,开放申购,开放赎回
2011-06-07,0.9120,0.9120,0.66%,开放申购,开放赎回
2011-06-08,0.9130,0.9130,0.11%,开放申购,开放赎回
2011-06-09,0.8970,0.8970,-1.75%,开放申购,开放赎回
2011-06-10,0.9010,0.9010,0.45%,开放申购,开放赎回
2011-06-13,0.8980,0.8980,-0.33%,开放申购,开放赎回
2011-06-14,0.9110,0.9110,1.45%,开放申购,开放赎回
2011-06-15,0.9020,0.9020,-0.99%,开放申购,开放赎回
2011-06-16,0.8900,0.8900,-1.33%,开放申购,开放赎回
2011-06-17,0.8830,0.8830,-0.79%,开放申购,开放赎回
2011-06-20,0.8780,0.8780,-0.57%,开放申购,开放赎回
2011-06-21,0.8880,0.8880,1.14%,开放申购,开放赎回
2011-06-22,0.8880,0.8880,0.00%,开放申购,开放赎回
2011-06-23,0.9020,0.9020,1.58%,开放申购,开放赎回
2011-06-24,0.9230,0.9230,2.33%,开放申购,开放赎回
2011-06-27,0.9260,0.9260,0.33%,开放申购,开放赎回
2011-06-28,0.9270,0.9270,0.11%,开放申购,开放赎回
2011-06-29,0.9150,0.9150,-1.29%,开放申购,开放赎回
2011-06-30,0.9280,0.9280,1.42%,开放申购,开放赎回
2011-07-01,0.9300,0.9300,0.22%,开放申购,开放赎回
2011-07-04,0.9510,0.9510,2.26%,开放申购,开放赎回
2011-07-05,0.9510,0.9510,0.00%,开放申购,开放赎回
2011-07-06,0.9490,0.9490,-0.21%,开放申购,开放赎回
2011-07-07,0.9450,0.9450,-0.42%,开放申购,开放赎回
2011-07-08,0.9480,0.9480,0.32%,开放申购,开放赎回
2011-07-11,0.9490,0.9490,0.11%,开放申购,开放赎回
2011-07-12,0.9330,0.9330,-1.69%,开放申购,开放赎回
2011-07-13,0.9470,0.9470,1.50%,开放申购,开放赎回
2011-07-14,0.9500,0.9500,0.32%,开放申购,开放赎回
2011-07-15,0.9540,0.9540,0.42%,开放申购,开放赎回
2011-07-18,0.9520,0.9520,-0.21%,开放申购,开放赎回
2011-07-19,0.9440,0.9440,-0.84%,开放申购,开放赎回
2011-07-20,0.9430,0.9430,-0.11%,开放申购,开放赎回
2011-07-21,0.9340,0.9340,-0.95%,开放申购,开放赎回
2011-07-22,0.9360,0.9360,0.21%,开放申购,开放赎回
2011-07-25,0.9070,0.9070,-3.10%,开放申购,开放赎回
2011-07-26,0.9100,0.9100,0.33%,开放申购,开放赎回
2011-07-27,0.9170,0.9170,0.77%,开放申购,开放赎回
2011-07-28,0.9110,0.9110,-0.65%,开放申购,开放赎回
2011-07-29,0.9090,0.9090,-0.22%,开放申购,开放赎回
2011-08-01,0.9100,0.9100,0.11%,开放申购,开放赎回
2011-08-02,0.9040,0.9040,-0.66%,开放申购,开放赎回
2011-08-03,0.9040,0.9040,0.00%,开放申购,开放赎回
2011-08-04,0.9050,0.9050,0.11%,开放申购,开放赎回
2011-08-05,0.8870,0.8870,-1.99%,开放申购,开放赎回
2011-08-08,0.8570,0.8570,-3.38%,开放申购,开放赎回
2011-08-09,0.8580,0.8580,0.12%,开放申购,开放赎回
2011-08-10,0.8660,0.8660,0.93%,开放申购,开放赎回
2011-08-11,0.8780,0.8780,1.39%,开放申购,开放赎回
2011-08-12,0.8810,0.8810,0.34%,开放申购,开放赎回
2011-08-15,0.8930,0.8930,1.36%,开放申购,开放赎回
2011-08-16,0.8870,0.8870,-0.67%,开放申购,开放赎回
2011-08-17,0.8840,0.8840,-0.34%,开放申购,开放赎回
2011-08-18,0.8690,0.8690,-1.70%,开放申购,开放赎回
2011-08-19,0.8610,0.8610,-0.92%,开放申购,开放赎回
2011-08-22,0.8520,0.8520,-1.05%,开放申购,开放赎回
2011-08-23,0.8650,0.8650,1.53%,开放申购,开放赎回
2011-08-24,0.8610,0.8610,-0.46%,开放申购,开放赎回
2011-08-25,0.8890,0.8890,3.25%,开放申购,开放赎回
2011-08-26,0.8880,0.8880,-0.11%,开放申购,开放赎回
2011-08-29,0.8740,0.8740,-1.58%,开放申购,开放赎回
2011-08-30,0.8700,0.8700,-0.46%,开放申购,开放赎回
2011-08-31,0.8720,0.8720,0.23%,开放申购,开放赎回
2011-09-01,0.8680,0.8680,-0.46%,开放申购,开放赎回
2011-09-02,0.8600,0.8600,-0.92%,开放申购,开放赎回
2011-09-05,0.8420,0.8420,-2.09%,开放申购,开放赎回
2011-09-06,0.8360,0.8360,-0.71%,开放申购,开放赎回
2011-09-07,0.8520,0.8520,1.91%,开放申购,开放赎回
2011-09-08,0.8460,0.8460,-0.70%,开放申购,开放赎回
2011-09-09,0.8440,0.8440,-0.24%,开放申购,开放赎回
2011-09-13,0.8350,0.8350,-1.07%,开放申购,开放赎回
2011-09-14,0.8390,0.8390,0.48%,开放申购,开放赎回
2011-09-15,0.8380,0.8380,-0.12%,开放申购,开放赎回
2011-09-16,0.8390,0.8390,0.12%,开放申购,开放赎回
2011-09-19,0.8230,0.8230,-1.91%,开放申购,开放赎回
2011-09-20,0.8260,0.8260,0.36%,开放申购,开放赎回
2011-09-21,0.8500,0.8500,2.91%,开放申购,开放赎回
2011-09-22,0.8250,0.8250,-2.94%,开放申购,开放赎回
2011-09-23,0.8200,0.8200,-0.61%,开放申购,开放赎回
2011-09-26,0.8030,0.8030,-2.07%,开放申购,开放赎回
2011-09-27,0.8110,0.8110,1.00%,开放申购,开放赎回
2011-09-28,0.8030,0.8030,-0.99%,开放申购,开放赎回
2011-09-29,0.7970,0.7970,-0.75%,开放申购,开放赎回
2011-09-30,0.7950,0.7950,-0.25%,开放申购,开放赎回
2011-10-10,0.7870,0.7870,-1.01%,开放申购,开放赎回
2011-10-11,0.7860,0.7860,-0.13%,开放申购,开放赎回
2011-10-12,0.8130,0.8130,3.44%,开放申购,开放赎回
2011-10-13,0.8180,0.8180,0.62%,开放申购,开放赎回
2011-10-14,0.8160,0.8160,-0.24%,开放申购,开放赎回
2011-10-17,0.8190,0.8190,0.37%,开放申购,开放赎回
2011-10-18,0.7980,0.7980,-2.56%,开放申购,开放赎回
2011-10-19,0.7950,0.7950,-0.38%,开放申购,开放赎回
2011-10-20,0.7770,0.7770,-2.26%,开放申购,开放赎回
2011-10-21,0.7730,0.7730,-0.51%,开放申购,开放赎回
2011-10-24,0.7930,0.7930,2.59%,开放申购,开放赎回
2011-10-25,0.8070,0.8070,1.77%,开放申购,开放赎回
2011-10-26,0.8150,0.8150,0.99%,开放申购,开放赎回
2011-10-27,0.8160,0.8160,0.12%,开放申购,开放赎回
2011-10-28,0.8310,0.8310,1.84%,开放申购,开放赎回
2011-10-31,0.8270,0.8270,-0.48%,开放申购,开放赎回
2011-11-01,0.8280,0.8280,0.12%,开放申购,开放赎回
2011-11-02,0.8410,0.8410,1.57%,开放申购,开放赎回
2011-11-03,0.8410,0.8410,0.00%,开放申购,开放赎回
2011-11-04,0.8470,0.8470,0.71%,开放申购,开放赎回
2011-11-07,0.8390,0.8390,-0.94%,开放申购,开放赎回
2011-11-08,0.8370,0.8370,-0.24%,开放申购,开放赎回
2011-11-09,0.8440,0.8440,0.84%,开放申购,开放赎回
2011-11-10,0.8280,0.8280,-1.90%,开放申购,开放赎回
2011-11-11,0.8270,0.8270,-0.12%,开放申购,开放赎回
2011-11-14,0.8430,0.8430,1.93%,开放申购,开放赎回
2011-11-15,0.8410,0.8410,-0.24%,开放申购,开放赎回
2011-11-16,0.8200,0.8200,-2.50%,开放申购,开放赎回
2011-11-17,0.8170,0.8170,-0.37%,开放申购,开放赎回
2011-11-18,0.8010,0.8010,-1.96%,开放申购,开放赎回
2011-11-21,0.8020,0.8020,0.12%,开放申购,开放赎回
2011-11-22,0.8020,0.8020,0.00%,开放申购,开放赎回
2011-11-23,0.7940,0.7940,-1.00%,开放申购,开放赎回
2011-11-24,0.7960,0.7960,0.25%,开放申购,开放赎回
2011-11-25,0.7900,0.7900,-0.75%,开放申购,开放赎回
2011-11-28,0.7910,0.7910,0.13%,开放申购,开放赎回
2011-11-29,0.8020,0.8020,1.39%,开放申购,开放赎回
2011-11-30,0.7760,0.7760,-3.24%,开放申购,开放赎回
2011-12-01,0.7940,0.7940,2.32%,开放申购,开放赎回
2011-12-02,0.7870,0.7870,-0.88%,开放申购,开放赎回
2011-12-05,0.7760,0.7760,-1.40%,开放申购,开放赎回
2011-12-06,0.7740,0.7740,-0.26%,开放申购,开放赎回
2011-12-07,0.7780,0.7780,0.52%,开放申购,开放赎回
2011-12-08,0.7770,0.7770,-0.13%,开放申购,开放赎回
2011-12-09,0.7710,0.7710,-0.77%,开放申购,开放赎回
2011-12-12,0.7630,0.7630,-1.04%,开放申购,开放赎回
2011-12-13,0.7470,0.7470,-2.10%,开放申购,开放赎回
2011-12-14,0.7400,0.7400,-0.94%,开放申购,开放赎回
2011-12-15,0.7230,0.7230,-2.30%,开放申购,开放赎回
2011-12-16,0.7380,0.7380,2.07%,开放申购,开放赎回
2011-12-19,0.7360,0.7360,-0.27%,开放申购,开放赎回
2011-12-20,0.7340,0.7340,-0.27%,开放申购,开放赎回
2011-12-21,0.7230,0.7230,-1.50%,开放申购,开放赎回
2011-12-22,0.7240,0.7240,0.14%,开放申购,开放赎回
2011-12-23,0.7290,0.7290,0.69%,开放申购,开放赎回
2011-12-26,0.7220,0.7220,-0.96%,开放申购,开放赎回
2011-12-27,0.7130,0.7130,-1.25%,开放申购,开放赎回
2011-12-28,0.7140,0.7140,0.14%,开放申购,开放赎回
2011-12-29,0.7150,0.7150,0.14%,开放申购,开放赎回
2011-12-30,0.7260,0.7260,1.54%,开放申购,开放赎回
2011-12-31,0.7260,0.7260,0.00%,开放申购,开放赎回
2012-01-04,0.7120,0.7120,-1.93%,开放申购,开放赎回
2012-01-05,0.7050,0.7050,-0.98%,开放申购,开放赎回
2012-01-06,0.7090,0.7090,0.57%,开放申购,开放赎回
2012-01-09,0.7320,0.7320,3.24%,开放申购,开放赎回
2012-01-10,0.7550,0.7550,3.14%,开放申购,开放赎回
2012-01-11,0.7520,0.7520,-0.40%,开放申购,开放赎回
2012-01-12,0.7510,0.7510,-0.13%,开放申购,开放赎回
2012-01-13,0.7390,0.7390,-1.60%,开放申购,开放赎回
2012-01-16,0.7250,0.7250,-1.89%,开放申购,开放赎回
2012-01-17,0.7590,0.7590,4.69%,开放申购,开放赎回
2012-01-18,0.7470,0.7470,-1.58%,开放申购,开放赎回
2012-01-19,0.7610,0.7610,1.87%,开放申购,开放赎回
2012-01-20,0.7710,0.7710,1.31%,开放申购,开放赎回
2012-01-30,0.7580,0.7580,-1.69%,开放申购,开放赎回
2012-01-31,0.7590,0.7590,0.13%,开放申购,开放赎回
2012-02-01,0.7490,0.7490,-1.32%,开放申购,开放赎回
2012-02-02,0.7660,0.7660,2.27%,开放申购,开放赎回
2012-02-03,0.7720,0.7720,0.78%,开放申购,开放赎回
2012-02-06,0.7710,0.7710,-0.13%,开放申购,开放赎回
2012-02-07,0.7580,0.7580,-1.69%,开放申购,开放赎回
2012-02-08,0.7780,0.7780,2.64%,开放申购,开放赎回
2012-02-09,0.7780,0.7780,0.00%,开放申购,开放赎回
2012-02-10,0.7790,0.7790,0.13%,开放申购,开放赎回
2012-02-13,0.7790,0.7790,0.00%,开放申购,开放赎回
2012-02-14,0.7760,0.7760,-0.39%,开放申购,开放赎回
2012-02-15,0.7840,0.7840,1.03%,开放申购,开放赎回
2012-02-16,0.7800,0.7800,-0.51%,开放申购,开放赎回
2012-02-17,0.7800,0.7800,0.00%,开放申购,开放赎回
2012-02-20,0.7810,0.7810,0.13%,开放申购,开放赎回
2012-02-21,0.7880,0.7880,0.90%,开放申购,开放赎回
2012-02-22,0.7980,0.7980,1.27%,开放申购,开放赎回
2012-02-23,0.8000,0.8000,0.25%,开放申购,开放赎回
2012-02-24,0.8120,0.8120,1.50%,开放申购,开放赎回
2012-02-27,0.8150,0.8150,0.37%,开放申购,开放赎回
2012-02-28,0.8160,0.8160,0.12%,开放申购,开放赎回
2012-02-29,0.8080,0.8080,-0.98%,开放申购,开放赎回
2012-03-01,0.8080,0.8080,0.00%,开放申购,开放赎回
2012-03-02,0.8210,0.8210,1.61%,开放申购,开放赎回
2012-03-05,0.8160,0.8160,-0.61%,开放申购,开放赎回
2012-03-06,0.8040,0.8040,-1.47%,开放申购,开放赎回
2012-03-07,0.7990,0.7990,-0.62%,开放申购,开放赎回
2012-03-08,0.8080,0.8080,1.13%,开放申购,开放赎回
2012-03-09,0.8160,0.8160,0.99%,开放申购,开放赎回
2012-03-12,0.8130,0.8130,-0.37%,开放申购,开放赎回
2012-03-13,0.8210,0.8210,0.98%,开放申购,开放赎回
2012-03-14,0.7990,0.7990,-2.68%,开放申购,开放赎回
2012-03-15,0.7930,0.7930,-0.75%,开放申购,开放赎回
2012-03-16,0.8040,0.8040,1.39%,开放申购,开放赎回
2012-03-19,0.8060,0.8060,0.25%,开放申购,开放赎回
2012-03-20,0.7930,0.7930,-1.61%,开放申购,开放赎回
2012-03-21,0.7940,0.7940,0.13%,开放申购,开放赎回
2012-03-22,0.7930,0.7930,-0.13%,开放申购,开放赎回
2012-03-23,0.7840,0.7840,-1.13%,开放申购,开放赎回
2012-03-26,0.7850,0.7850,0.13%,开放申购,开放赎回
2012-03-27,0.7820,0.7820,-0.38%,开放申购,开放赎回
2012-03-28,0.7610,0.7610,-2.69%,开放申购,开放赎回
2012-03-29,0.7520,0.7520,-1.18%,开放申购,开放赎回
2012-03-30,0.7550,0.7550,0.40%,开放申购,开放赎回
2012-03-31,0.7550,0.7550,0.00%,开放申购,开放赎回
2012-04-05,0.7720,0.7720,2.25%,开放申购,开放赎回
2012-04-06,0.7740,0.7740,0.26%,开放申购,开放赎回
2012-04-09,0.7670,0.7670,-0.90%,开放申购,开放赎回
2012-04-10,0.7740,0.7740,0.91%,开放申购,开放赎回
2012-04-11,0.7740,0.7740,0.00%,开放申购,开放赎回
2012-04-12,0.7890,0.7890,1.94%,开放申购,开放赎回
2012-04-13,0.7920,0.7920,0.38%,开放申购,开放赎回
2012-04-16,0.7900,0.7900,-0.25%,开放申购,开放赎回
2012-04-17,0.7810,0.7810,-1.14%,开放申购,开放赎回
2012-04-18,0.7970,0.7970,2.05%,开放申购,开放赎回
2012-04-19,0.7960,0.7960,-0.13%,开放申购,开放赎回
2012-04-20,0.8050,0.8050,1.13%,开放申购,开放赎回
2012-04-23,0.7990,0.7990,-0.75%,开放申购,开放赎回
2012-04-24,0.7990,0.7990,0.00%,开放申购,开放赎回
2012-04-25,0.8050,0.8050,0.75%,开放申购,开放赎回
2012-04-26,0.8070,0.8070,0.25%,开放申购,开放赎回
2012-04-27,0.8050,0.8050,-0.25%,开放申购,开放赎回
2012-05-02,0.8220,0.8220,2.11%,开放申购,开放赎回
2012-05-03,0.8240,0.8240,0.24%,开放申购,开放赎回
2012-05-04,0.8310,0.8310,0.85%,开放申购,开放赎回
2012-05-07,0.8320,0.8320,0.12%,开放申购,开放赎回
2012-05-08,0.8290,0.8290,-0.36%,开放申购,开放赎回
2012-05-09,0.8140,0.8140,-1.81%,开放申购,开放赎回
2012-05-10,0.8140,0.8140,0.00%,开放申购,开放赎回
2012-05-11,0.8090,0.8090,-0.61%,开放申购,开放赎回
2012-05-14,0.8020,0.8020,-0.87%,开放申购,开放赎回
2012-05-15,0.8030,0.8030,0.12%,开放申购,开放赎回
2012-05-16,0.7910,0.7910,-1.49%,开放申购,开放赎回
2012-05-17,0.8020,0.8020,1.39%,开放申购,开放赎回
2012-05-18,0.7910,0.7910,-1.37%,开放申购,开放赎回
2012-05-21,0.7940,0.7940,0.38%,开放申购,开放赎回
2012-05-22,0.8060,0.8060,1.51%,开放申购,开放赎回
2012-05-23,0.8030,0.8030,-0.37%,开放申购,开放赎回
2012-05-24,0.7970,0.7970,-0.75%,开放申购,开放赎回
2012-05-25,0.7900,0.7900,-0.88%,开放申购,开放赎回
2012-05-28,0.8020,0.8020,1.52%,开放申购,开放赎回
2012-05-29,0.8130,0.8130,1.37%,开放申购,开放赎回
2012-05-30,0.8100,0.8100,-0.37%,开放申购,开放赎回
2012-05-31,0.8080,0.8080,-0.25%,开放申购,开放赎回
2012-06-01,0.8080,0.8080,0.00%,开放申购,开放赎回
2012-06-04,0.7870,0.7870,-2.60%,开放申购,开放赎回
2012-06-05,0.7870,0.7870,0.00%,开放申购,开放赎回
2012-06-06,0.7870,0.7870,0.00%,开放申购,开放赎回
2012-06-07,0.7830,0.7830,-0.51%,开放申购,开放赎回
2012-06-08,0.7780,0.7780,-0.64%,开放申购,开放赎回
2012-06-11,0.7890,0.7890,1.41%,开放申购,开放赎回
2012-06-12,0.7840,0.7840,-0.63%,开放申购,开放赎回
2012-06-13,0.7960,0.7960,1.53%,开放申购,开放赎回
2012-06-14,0.7900,0.7900,-0.75%,开放申购,开放赎回
2012-06-15,0.7930,0.7930,0.38%,开放申购,开放赎回
2012-06-18,0.7970,0.7970,0.50%,开放申购,开放赎回
2012-06-19,0.7900,0.7900,-0.88%,开放申购,开放赎回
2012-06-20,0.7890,0.7890,-0.13%,开放申购,开放赎回
2012-06-21,0.7770,0.7770,-1.52%,开放申购,开放赎回
2012-06-25,0.7610,0.7610,-2.06%,开放申购,开放赎回
2012-06-26,0.7620,0.7620,0.13%,开放申购,开放赎回
2012-06-27,0.7600,0.7600,-0.26%,开放申购,开放赎回
2012-06-28,0.7540,0.7540,-0.79%,开放申购,开放赎回
2012-06-29,0.7650,0.7650,1.46%,开放申购,开放赎回
2012-06-30,0.7650,0.7650,0.00%,开放申购,开放赎回
2012-07-02,0.7660,0.7660,0.13%,开放申购,开放赎回
2012-07-03,0.7670,0.7670,0.13%,开放申购,开放赎回
2012-07-04,0.7660,0.7660,-0.13%,开放申购,开放赎回
2012-07-05,0.7570,0.7570,-1.17%,开放申购,开放赎回
2012-07-06,0.7690,0.7690,1.59%,开放申购,开放赎回
2012-07-09,0.7530,0.7530,-2.08%,开放申购,开放赎回
2012-07-10,0.7500,0.7500,-0.40%,开放申购,开放赎回
2012-07-11,0.7560,0.7560,0.80%,开放申购,开放赎回
2012-07-12,0.7630,0.7630,0.93%,开放申购,开放赎回
2012-07-13,0.7640,0.7640,0.13%,开放申购,开放赎回
2012-07-16,0.7490,0.7490,-1.96%,开放申购,开放赎回
2012-07-17,0.7530,0.7530,0.53%,开放申购,开放赎回
2012-07-18,0.7530,0.7530,0.00%,开放申购,开放赎回
2012-07-19,0.7570,0.7570,0.53%,开放申购,开放赎回
2012-07-20,0.7490,0.7490,-1.06%,开放申购,开放赎回
2012-07-23,0.7390,0.7390,-1.34%,开放申购,开放赎回
2012-07-24,0.7420,0.7420,0.41%,开放申购,开放赎回
2012-07-25,0.7380,0.7380,-0.54%,开放申购,开放赎回
2012-07-26,0.7340,0.7340,-0.54%,开放申购,开放赎回
2012-07-27,0.7340,0.7340,0.00%,开放申购,开放赎回
2012-07-30,0.7310,0.7310,-0.41%,开放申购,开放赎回
2012-07-31,0.7300,0.7300,-0.14%,开放申购,开放赎回
2012-08-01,0.7370,0.7370,0.96%,开放申购,开放赎回
2012-08-02,0.7310,0.7310,-0.81%,开放申购,开放赎回
2012-08-03,0.7360,0.7360,0.68%,开放申购,开放赎回
2012-08-06,0.7460,0.7460,1.36%,开放申购,开放赎回
2012-08-07,0.7470,0.7470,0.13%,开放申购,开放赎回
2012-08-08,0.7470,0.7470,0.00%,开放申购,开放赎回
2012-08-09,0.7540,0.7540,0.94%,开放申购,开放赎回
2012-08-10,0.7500,0.7500,-0.53%,开放申购,开放赎回
2012-08-13,0.7360,0.7360,-1.87%,开放申购,开放赎回
2012-08-14,0.7380,0.7380,0.27%,开放申购,开放赎回
2012-08-15,0.7300,0.7300,-1.08%,开放申购,开放赎回
2012-08-16,0.7270,0.7270,-0.41%,开放申购,开放赎回
2012-08-17,0.7250,0.7250,-0.28%,开放申购,开放赎回
2012-08-20,0.7210,0.7210,-0.55%,开放申购,开放赎回
2012-08-21,0.7250,0.7250,0.55%,开放申购,开放赎回
2012-08-22,0.7200,0.7200,-0.69%,开放申购,开放赎回
2012-08-23,0.7210,0.7210,0.14%,开放申购,开放赎回
2012-08-24,0.7140,0.7140,-0.97%,开放申购,开放赎回
2012-08-27,0.7000,0.7000,-1.96%,开放申购,开放赎回
2012-08-28,0.7030,0.7030,0.43%,开放申购,开放赎回
2012-08-29,0.6960,0.6960,-1.00%,开放申购,开放赎回
2012-08-30,0.6940,0.6940,-0.29%,开放申购,开放赎回
2012-08-31,0.6930,0.6930,-0.14%,开放申购,开放赎回
2012-09-03,0.7000,0.7000,1.01%,开放申购,开放赎回
2012-09-04,0.6930,0.6930,-1.00%,开放申购,开放赎回
2012-09-05,0.6910,0.6910,-0.29%,开放申购,开放赎回
2012-09-06,0.6970,0.6970,0.87%,开放申购,开放赎回
2012-09-07,0.7260,0.7260,4.16%,开放申购,开放赎回
2012-09-10,0.7290,0.7290,0.41%,开放申购,开放赎回
2012-09-11,0.7250,0.7250,-0.55%,开放申购,开放赎回
2012-09-12,0.7270,0.7270,0.28%,开放申购,开放赎回
2012-09-13,0.7200,0.7200,-0.96%,开放申购,开放赎回
2012-09-14,0.7250,0.7250,0.69%,开放申购,开放赎回
2012-09-17,0.7090,0.7090,-2.21%,开放申购,开放赎回
2012-09-18,0.7020,0.7020,-0.99%,开放申购,开放赎回
2012-09-19,0.7050,0.7050,0.43%,开放申购,开放赎回
2012-09-20,0.6900,0.6900,-2.13%,开放申购,开放赎回
2012-09-21,0.6920,0.6920,0.29%,开放申购,开放赎回
2012-09-24,0.6970,0.6970,0.72%,开放申购,开放赎回
2012-09-25,0.6950,0.6950,-0.29%,开放申购,开放赎回
2012-09-26,0.6880,0.6880,-1.01%,开放申购,开放赎回
2012-09-27,0.7080,0.7080,2.91%,开放申购,开放赎回
2012-09-28,0.7200,0.7200,1.69%,开放申购,开放赎回
2012-09-30,0.7200,0.7200,0.00%,开放申购,开放赎回
2012-10-08,0.7130,0.7130,-0.97%,开放申购,开放赎回
2012-10-09,0.7280,0.7280,2.10%,开放申购,开放赎回
2012-10-10,0.7280,0.7280,0.00%,开放申购,开放赎回
2012-10-11,0.7220,0.7220,-0.82%,开放申购,开放赎回
2012-10-12,0.7220,0.7220,0.00%,开放申购,开放赎回
2012-10-15,0.7190,0.7190,-0.42%,开放申购,开放赎回
2012-10-16,0.7200,0.7200,0.14%,开放申购,开放赎回
2012-10-17,0.7210,0.7210,0.14%,开放申购,开放赎回
2012-10-18,0.7320,0.7320,1.53%,开放申购,开放赎回
2012-10-19,0.7310,0.7310,-0.14%,开放申购,开放赎回
2012-10-22,0.7340,0.7340,0.41%,开放申购,开放赎回
2012-10-23,0.7250,0.7250,-1.23%,开放申购,开放赎回
2012-10-24,0.7230,0.7230,-0.28%,开放申购,开放赎回
2012-10-25,0.7180,0.7180,-0.69%,开放申购,开放赎回
2012-10-26,0.7060,0.7060,-1.67%,开放申购,开放赎回
2012-10-29,0.7020,0.7020,-0.57%,开放申购,开放赎回
2012-10-30,0.7040,0.7040,0.28%,开放申购,开放赎回
2012-10-31,0.7080,0.7080,0.57%,开放申购,开放赎回
2012-11-01,0.7210,0.7210,1.84%,开放申购,开放赎回
2012-11-02,0.7230,0.7230,0.28%,开放申购,开放赎回
2012-11-05,0.7220,0.7220,-0.14%,开放申购,开放赎回
2012-11-06,0.7190,0.7190,-0.42%,开放申购,开放赎回
2012-11-07,0.7170,0.7170,-0.28%,开放申购,开放赎回
2012-11-08,0.7050,0.7050,-1.67%,开放申购,开放赎回
2012-11-09,0.7040,0.7040,-0.14%,开放申购,开放赎回
2012-11-12,0.7070,0.7070,0.43%,开放申购,开放赎回
2012-11-13,0.6950,0.6950,-1.70%,开放申购,开放赎回
2012-11-14,0.6980,0.6980,0.43%,开放申购,开放赎回
2012-11-15,0.6900,0.6900,-1.15%,开放申购,开放赎回
2012-11-16,0.6850,0.6850,-0.72%,开放申购,开放赎回
2012-11-19,0.6840,0.6840,-0.15%,开放申购,开放赎回
2012-11-20,0.6810,0.6810,-0.44%,开放申购,开放赎回
2012-11-21,0.6900,0.6900,1.32%,开放申购,开放赎回
2012-11-22,0.6850,0.6850,-0.72%,开放申购,开放赎回
2012-11-23,0.6900,0.6900,0.73%,开放申购,开放赎回
2012-11-26,0.6850,0.6850,-0.72%,开放申购,开放赎回
2012-11-27,0.6770,0.6770,-1.17%,开放申购,开放赎回
2012-11-28,0.6710,0.6710,-0.89%,开放申购,开放赎回
2012-11-29,0.6680,0.6680,-0.45%,开放申购,开放赎回
2012-11-30,0.6750,0.6750,1.05%,开放申购,开放赎回
2012-12-03,0.6660,0.6660,-1.33%,开放申购,开放赎回
2012-12-04,0.6730,0.6730,1.05%,开放申购,开放赎回
2012-12-05,0.6950,0.6950,3.27%,开放申购,开放赎回
2012-12-06,0.6930,0.6930,-0.29%,开放申购,开放赎回
2012-12-07,0.7060,0.7060,1.88%,开放申购,开放赎回
2012-12-10,0.7130,0.7130,0.99%,开放申购,开放赎回
2012-12-11,0.7090,0.7090,-0.56%,开放申购,开放赎回
2012-12-12,0.7120,0.7120,0.42%,开放申购,开放赎回
2012-12-13,0.7040,0.7040,-1.12%,开放申购,开放赎回
2012-12-14,0.7380,0.7380,4.83%,开放申购,开放赎回
2012-12-17,0.7410,0.7410,0.41%,开放申购,开放赎回
2012-12-18,0.7410,0.7410,0.00%,开放申购,开放赎回
2012-12-19,0.7420,0.7420,0.14%,开放申购,开放赎回
2012-12-20,0.7460,0.7460,0.54%,开放申购,开放赎回
2012-12-21,0.7420,0.7420,-0.54%,开放申购,开放赎回
2012-12-24,0.7450,0.7450,0.40%,开放申购,开放赎回
2012-12-25,0.7640,0.7640,2.55%,开放申购,开放赎回
2012-12-26,0.7670,0.7670,0.39%,开放申购,开放赎回
2012-12-27,0.7640,0.7640,-0.39%,开放申购,开放赎回
2012-12-28,0.7740,0.7740,1.31%,开放申购,开放赎回
2012-12-31,0.7880,0.7880,1.81%,开放申购,开放赎回
2013-01-04,0.7880,0.7880,0.00%,开放申购,开放赎回
2013-01-07,0.7910,0.7910,0.38%,开放申购,开放赎回
2013-01-08,0.7880,0.7880,-0.38%,开放申购,开放赎回
2013-01-09,0.7880,0.7880,0.00%,开放申购,开放赎回
2013-01-10,0.7900,0.7900,0.25%,开放申购,开放赎回
2013-01-11,0.7750,0.7750,-1.90%,开放申购,开放赎回
2013-01-14,0.8040,0.8040,3.74%,开放申购,开放赎回
2013-01-15,0.8090,0.8090,0.62%,开放申购,开放赎回
2013-01-16,0.8030,0.8030,-0.74%,开放申购,开放赎回
2013-01-17,0.7960,0.7960,-0.87%,开放申购,开放赎回
2013-01-18,0.8090,0.8090,1.63%,开放申购,开放赎回
2013-01-21,0.8130,0.8130,0.49%,开放申购,开放赎回
2013-01-22,0.8090,0.8090,-0.49%,开放申购,开放赎回
2013-01-23,0.8120,0.8120,0.37%,开放申购,开放赎回
2013-01-24,0.8040,0.8040,-0.99%,开放申购,开放赎回
2013-01-25,0.8010,0.8010,-0.37%,开放申购,开放赎回
2013-01-28,0.8250,0.8250,3.00%,开放申购,开放赎回
2013-01-29,0.8320,0.8320,0.85%,开放申购,开放赎回
2013-01-30,0.8350,0.8350,0.36%,开放申购,开放赎回
2013-01-31,0.8350,0.8350,0.00%,开放申购,开放赎回
2013-02-01,0.8510,0.8510,1.92%,开放申购,开放赎回
2013-02-04,0.8530,0.8530,0.24%,开放申购,开放赎回
2013-02-05,0.8600,0.8600,0.82%,开放申购,开放赎回
2013-02-06,0.8610,0.8610,0.12%,开放申购,开放赎回
2013-02-07,0.8560,0.8560,-0.58%,开放申购,开放赎回
2013-02-08,0.8600,0.8600,0.47%,开放申购,开放赎回
2013-02-18,0.8490,0.8490,-1.28%,开放申购,开放赎回
2013-02-19,0.8340,0.8340,-1.77%,开放申购,开放赎回
2013-02-20,0.8390,0.8390,0.60%,开放申购,开放赎回
2013-02-21,0.8120,0.8120,-3.22%,开放申购,开放赎回
2013-02-22,0.8080,0.8080,-0.49%,开放申购,开放赎回
2013-02-25,0.8100,0.8100,0.25%,开放申购,开放赎回
2013-02-26,0.7990,0.7990,-1.36%,开放申购,开放赎回
2013-02-27,0.8070,0.8070,1.00%,开放申购,开放赎回
2013-02-28,0.8300,0.8300,2.85%,开放申购,开放赎回
2013-03-01,0.8290,0.8290,-0.12%,开放申购,开放赎回
2013-03-04,0.7930,0.7930,-4.34%,开放申购,开放赎回
2013-03-05,0.8150,0.8150,2.77%,开放申购,开放赎回
2013-03-06,0.8230,0.8230,0.98%,开放申购,开放赎回
2013-03-07,0.8130,0.8130,-1.22%,开放申购,开放赎回
2013-03-08,0.8070,0.8070,-0.74%,开放申购,开放赎回
2013-03-11,0.8030,0.8030,-0.50%,开放申购,开放赎回
2013-03-12,0.7910,0.7910,-1.49%,开放申购,开放赎回
2013-03-13,0.7830,0.7830,-1.01%,开放申购,开放赎回
2013-03-14,0.7860,0.7860,0.38%,开放申购,开放赎回
2013-03-15,0.7880,0.7880,0.25%,开放申购,开放赎回
2013-03-18,0.7770,0.7770,-1.40%,开放申购,开放赎回
2013-03-19,0.7840,0.7840,0.90%,开放申购,开放赎回
2013-03-20,0.8110,0.8110,3.44%,开放申购,开放赎回
2013-03-21,0.8140,0.8140,0.37%,开放申购,开放赎回
2013-03-22,0.8150,0.8150,0.12%,开放申购,开放赎回
2013-03-25,0.8140,0.8140,-0.12%,开放申购,开放赎回
2013-03-26,0.8040,0.8040,-1.23%,开放申购,开放赎回
2013-03-27,0.8070,0.8070,0.37%,开放申购,开放赎回
2013-03-28,0.7770,0.7770,-3.72%,开放申购,开放赎回
2013-03-29,0.7760,0.7760,-0.13%,开放申购,开放赎回
2013-04-01,0.7750,0.7750,-0.13%,开放申购,开放赎回
2013-04-02,0.7730,0.7730,-0.26%,开放申购,开放赎回
2013-04-03,0.7720,0.7720,-0.13%,开放申购,开放赎回
2013-04-08,0.7670,0.7670,-0.65%,开放申购,开放赎回
2013-04-09,0.7730,0.7730,0.78%,开放申购,开放赎回
2013-04-10,0.7720,0.7720,-0.13%,开放申购,开放赎回
2013-04-11,0.7710,0.7710,-0.13%,开放申购,开放赎回
2013-04-12,0.7670,0.7670,-0.52%,开放申购,开放赎回
2013-04-15,0.7600,0.7600,-0.91%,开放申购,开放赎回
2013-04-16,0.7680,0.7680,1.05%,开放申购,开放赎回
2013-04-17,0.7690,0.7690,0.13%,开放申购,开放赎回
2013-04-18,0.7720,0.7720,0.39%,开放申购,开放赎回
2013-04-19,0.7960,0.7960,3.11%,开放申购,开放赎回
2013-04-22,0.7970,0.7970,0.13%,开放申购,开放赎回
2013-04-23,0.7730,0.7730,-3.01%,开放申购,开放赎回
2013-04-24,0.7900,0.7900,2.20%,开放申购,开放赎回
2013-04-25,0.7800,0.7800,-1.27%,开放申购,开放赎回
2013-04-26,0.7740,0.7740,-0.77%,开放申购,开放赎回
2013-05-02,0.7800,0.7800,0.78%,开放申购,开放赎回
2013-05-03,0.7930,0.7930,1.67%,开放申购,开放赎回
2013-05-06,0.8020,0.8020,1.13%,开放申购,开放赎回
2013-05-07,0.8010,0.8010,-0.12%,开放申购,开放赎回
2013-05-08,0.8050,0.8050,0.50%,开放申购,开放赎回
2013-05-09,0.7990,0.7990,-0.75%,开放申购,开放赎回
2013-05-10,0.8020,0.8020,0.38%,开放申购,开放赎回
2013-05-13,0.7960,0.7960,-0.75%,开放申购,开放赎回
2013-05-14,0.7830,0.7830,-1.63%,开放申购,开放赎回
2013-05-15,0.7870,0.7870,0.51%,开放申购,开放赎回
2013-05-16,0.8030,0.8030,2.03%,开放申购,开放赎回
2013-05-17,0.8160,0.8160,1.62%,开放申购,开放赎回
2013-05-20,0.8230,0.8230,0.86%,开放申购,开放赎回
2013-05-21,0.8260,0.8260,0.36%,开放申购,开放赎回
2013-05-22,0.8260,0.8260,0.00%,开放申购,开放赎回
2013-05-23,0.8170,0.8170,-1.09%,开放申购,开放赎回
2013-05-24,0.8230,0.8230,0.73%,开放申购,开放赎回
2013-05-27,0.8240,0.8240,0.12%,开放申购,开放赎回
2013-05-28,0.8370,0.8370,1.58%,开放申购,开放赎回
2013-05-29,0.8380,0.8380,0.12%,开放申购,开放赎回
2013-05-30,0.8360,0.8360,-0.24%,开放申购,开放赎回
2013-05-31,0.8260,0.8260,-1.20%,开放申购,开放赎回
2013-06-03,0.8220,0.8220,-0.48%,开放申购,开放赎回
2013-06-04,0.8110,0.8110,-1.34%,开放申购,开放赎回
2013-06-05,0.8100,0.8100,-0.12%,开放申购,开放赎回
2013-06-06,0.7980,0.7980,-1.48%,开放申购,开放赎回
2013-06-07,0.7840,0.7840,-1.75%,开放申购,开放赎回
2013-06-13,0.7610,0.7610,-2.93%,开放申购,开放赎回
2013-06-14,0.7690,0.7690,1.05%,开放申购,开放赎回
2013-06-17,0.7650,0.7650,-0.52%,开放申购,开放赎回
2013-06-18,0.7730,0.7730,1.05%,开放申购,开放赎回
2013-06-19,0.7660,0.7660,-0.91%,开放申购,开放赎回
2013-06-20,0.7400,0.7400,-3.39%,开放申购,开放赎回
2013-06-21,0.7400,0.7400,0.00%,开放申购,开放赎回
2013-06-24,0.6930,0.6930,-6.35%,开放申购,开放赎回
2013-06-25,0.6910,0.6910,-0.29%,开放申购,开放赎回
2013-06-26,0.6970,0.6970,0.87%,开放申购,开放赎回
2013-06-27,0.6920,0.6920,-0.72%,开放申购,开放赎回
2013-06-28,0.7050,0.7050,1.88%,开放申购,开放赎回
2013-06-30,0.7050,0.7050,0.00%,开放申购,开放赎回
2013-07-01,0.7090,0.7090,0.57%,开放申购,开放赎回
2013-07-02,0.7130,0.7130,0.56%,开放申购,开放赎回
2013-07-03,0.7080,0.7080,-0.70%,开放申购,开放赎回
2013-07-04,0.7130,0.7130,0.71%,开放申购,开放赎回
2013-07-05,0.7130,0.7130,0.00%,开放申购,开放赎回
2013-07-08,0.6970,0.6970,-2.24%,开放申购,开放赎回
2013-07-09,0.6960,0.6960,-0.14%,开放申购,开放赎回
2013-07-10,0.7160,0.7160,2.87%,开放申购,开放赎回
2013-07-11,0.7460,0.7460,4.19%,开放申购,开放赎回
2013-07-12,0.7320,0.7320,-1.88%,开放申购,开放赎回
2013-07-15,0.7420,0.7420,1.37%,开放申购,开放赎回
2013-07-16,0.7440,0.7440,0.27%,开放申购,开放赎回
2013-07-17,0.7320,0.7320,-1.61%,开放申购,开放赎回
2013-07-18,0.7220,0.7220,-1.37%,开放申购,开放赎回
2013-07-19,0.7040,0.7040,-2.49%,开放申购,开放赎回
2013-07-22,0.7090,0.7090,0.71%,开放申购,开放赎回
2013-07-23,0.7290,0.7290,2.82%,开放申购,开放赎回
2013-07-24,0.7250,0.7250,-0.55%,开放申购,开放赎回
2013-07-25,0.7180,0.7180,-0.97%,开放申购,开放赎回
2013-07-26,0.7120,0.7120,-0.84%,开放申购,开放赎回
2013-07-29,0.6950,0.6950,-2.39%,开放申购,开放赎回
2013-07-30,0.7000,0.7000,0.72%,开放申购,开放赎回
2013-07-31,0.7010,0.7010,0.14%,开放申购,开放赎回
2013-08-01,0.7170,0.7170,2.28%,开放申购,开放赎回
2013-08-02,0.7180,0.7180,0.14%,开放申购,开放赎回
2013-08-05,0.7270,0.7270,1.25%,开放申购,开放赎回
2013-08-06,0.7330,0.7330,0.83%,开放申购,开放赎回
2013-08-07,0.7300,0.7300,-0.41%,开放申购,开放赎回
2013-08-08,0.7280,0.7280,-0.27%,开放申购,开放赎回
2013-08-09,0.7310,0.7310,0.41%,开放申购,开放赎回
2013-08-12,0.7500,0.7500,2.60%,开放申购,开放赎回
2013-08-13,0.7510,0.7510,0.13%,开放申购,开放赎回
2013-08-14,0.7480,0.7480,-0.40%,开放申购,开放赎回
2013-08-15,0.7370,0.7370,-1.47%,开放申购,开放赎回
2013-08-16,0.7310,0.7310,-0.81%,开放申购,开放赎回
2013-08-19,0.7410,0.7410,1.37%,开放申购,开放赎回
2013-08-20,0.7360,0.7360,-0.67%,开放申购,开放赎回
2013-08-21,0.7340,0.7340,-0.27%,开放申购,开放赎回
2013-08-22,0.7330,0.7330,-0.14%,开放申购,开放赎回
2013-08-23,0.7290,0.7290,-0.55%,开放申购,开放赎回
2013-08-26,0.7450,0.7450,2.19%,开放申购,开放赎回
2013-08-27,0.7450,0.7450,0.00%,开放申购,开放赎回
2013-08-28,0.7380,0.7380,-0.94%,开放申购,开放赎回
2013-08-29,0.7350,0.7350,-0.41%,开放申购,开放赎回
2013-08-30,0.7330,0.7330,-0.27%,开放申购,开放赎回
2013-09-02,0.7360,0.7360,0.41%,开放申购,开放赎回
2013-09-03,0.7460,0.7460,1.36%,开放申购,开放赎回
2013-09-04,0.7460,0.7460,0.00%,开放申购,开放赎回
2013-09-05,0.7420,0.7420,-0.54%,开放申购,开放赎回
2013-09-06,0.7460,0.7460,0.54%,开放申购,开放赎回
2013-09-09,0.7680,0.7680,2.95%,开放申购,开放赎回
2013-09-10,0.7760,0.7760,1.04%,开放申购,开放赎回
2013-09-11,0.7760,0.7760,0.00%,开放申购,开放赎回
2013-09-12,0.7820,0.7820,0.77%,开放申购,开放赎回
2013-09-13,0.7780,0.7780,-0.51%,开放申购,开放赎回
2013-09-16,0.7740,0.7740,-0.51%,开放申购,开放赎回
2013-09-17,0.7580,0.7580,-2.07%,开放申购,开放赎回
2013-09-18,0.7590,0.7590,0.13%,开放申购,开放赎回
2013-09-23,0.7710,0.7710,1.58%,开放申购,开放赎回
2013-09-24,0.7620,0.7620,-1.17%,开放申购,开放赎回
2013-09-25,0.7580,0.7580,-0.52%,开放申购,开放赎回
2013-09-26,0.7450,0.7450,-1.72%,开放申购,开放赎回
2013-09-27,0.7480,0.7480,0.40%,开放申购,开放赎回
2013-09-30,0.7520,0.7520,0.53%,开放申购,开放赎回
2013-10-08,0.7620,0.7620,1.33%,开放申购,开放赎回
2013-10-09,0.7650,0.7650,0.39%,开放申购,开放赎回
2013-10-10,0.7580,0.7580,-0.92%,开放申购,开放赎回
2013-10-11,0.7690,0.7690,1.45%,开放申购,开放赎回
2013-10-14,0.7700,0.7700,0.13%,开放申购,开放赎回
2013-10-15,0.7690,0.7690,-0.13%,开放申购,开放赎回
2013-10-16,0.7560,0.7560,-1.69%,开放申购,开放赎回
2013-10-17,0.7540,0.7540,-0.26%,开放申购,开放赎回
2013-10-18,0.7560,0.7560,0.27%,开放申购,开放赎回
2013-10-21,0.7630,0.7630,0.93%,开放申购,开放赎回
2013-10-22,0.7590,0.7590,-0.52%,开放申购,开放赎回
2013-10-23,0.7510,0.7510,-1.05%,开放申购,开放赎回
2013-10-24,0.7460,0.7460,-0.67%,开放申购,开放赎回
2013-10-25,0.7360,0.7360,-1.34%,开放申购,开放赎回
2013-10-28,0.7350,0.7350,-0.14%,开放申购,开放赎回
2013-10-29,0.7370,0.7370,0.27%,开放申购,开放赎回
2013-10-30,0.7480,0.7480,1.49%,开放申购,开放赎回
2013-10-31,0.7380,0.7380,-1.34%,开放申购,开放赎回
2013-11-01,0.7410,0.7410,0.41%,开放申购,开放赎回
2013-11-04,0.7390,0.7390,-0.27%,开放申购,开放赎回
2013-11-05,0.7400,0.7400,0.14%,开放申购,开放赎回
2013-11-06,0.7310,0.7310,-1.22%,开放申购,开放赎回
2013-11-07,0.7280,0.7280,-0.41%,开放申购,开放赎回
2013-11-08,0.7180,0.7180,-1.37%,开放申购,开放赎回
2013-11-11,0.7200,0.7200,0.28%,开放申购,开放赎回
2013-11-12,0.7270,0.7270,0.97%,开放申购,开放赎回
2013-11-13,0.7120,0.7120,-2.06%,开放申购,开放赎回
2013-11-14,0.7160,0.7160,0.56%,开放申购,开放赎回
2013-11-15,0.7300,0.7300,1.96%,开放申购,开放赎回
2013-11-18,0.7530,0.7530,3.15%,开放申购,开放赎回
2013-11-19,0.7480,0.7480,-0.66%,开放申购,开放赎回
2013-11-20,0.7520,0.7520,0.53%,开放申购,开放赎回
2013-11-21,0.7470,0.7470,-0.66%,开放申购,开放赎回
2013-11-22,0.7430,0.7430,-0.54%,开放申购,开放赎回
2013-11-25,0.7410,0.7410,-0.27%,开放申购,开放赎回
2013-11-26,0.7400,0.7400,-0.14%,开放申购,开放赎回
2013-11-27,0.7480,0.7480,1.08%,开放申购,开放赎回
2013-11-28,0.7560,0.7560,1.07%,开放申购,开放赎回
2013-11-29,0.7550,0.7550,-0.13%,开放申购,开放赎回
2013-12-02,0.7490,0.7490,-0.79%,开放申购,开放赎回
2013-12-03,0.7560,0.7560,0.93%,开放申购,开放赎回
2013-12-04,0.7660,0.7660,1.32%,开放申购,开放赎回
2013-12-05,0.7640,0.7640,-0.26%,开放申购,开放赎回
2013-12-06,0.7590,0.7590,-0.65%,开放申购,开放赎回
2013-12-09,0.7590,0.7590,0.00%,开放申购,开放赎回
2013-12-10,0.7590,0.7590,0.00%,开放申购,开放赎回
2013-12-11,0.7480,0.7480,-1.45%,开放申购,开放赎回
2013-12-12,0.7470,0.7470,-0.13%,开放申购,开放赎回
2013-12-13,0.7460,0.7460,-0.13%,开放申购,开放赎回
2013-12-16,0.7340,0.7340,-1.61%,开放申购,开放赎回
2013-12-17,0.7310,0.7310,-0.41%,开放申购,开放赎回
2013-12-18,0.7310,0.7310,0.00%,开放申购,开放赎回
2013-12-19,0.7240,0.7240,-0.96%,开放申购,开放赎回
2013-12-20,0.7080,0.7080,-2.21%,开放申购,开放赎回
2013-12-23,0.7100,0.7100,0.28%,开放申购,开放赎回
2013-12-24,0.7110,0.7110,0.14%,开放申购,开放赎回
2013-12-25,0.7160,0.7160,0.70%,开放申购,开放赎回
2013-12-26,0.7040,0.7040,-1.68%,开放申购,开放赎回
2013-12-27,0.7150,0.7150,1.56%,开放申购,开放赎回
2013-12-30,0.7140,0.7140,-0.14%,开放申购,开放赎回
2013-12-31,0.7230,0.7230,1.26%,开放申购,开放赎回
2014-01-02,0.7200,0.7200,-0.41%,开放申购,开放赎回
2014-01-03,0.7110,0.7110,-1.25%,开放申购,开放赎回
2014-01-06,1.0000,0.6960,-2.09%,暂停申购,暂停赎回
2014-01-10,0.9850,0.6810,-1.50%,暂停申购,暂停赎回
2014-01-14,0.9880,0.6840,0.30%,暂停申购,暂停赎回
2014-01-17,0.9740,0.6700,-1.42%,暂停申购,暂停赎回
2014-01-20,0.9690,0.6650,-0.51%,暂停申购,暂停赎回
2014-01-21,0.9780,0.6740,0.93%,开放申购,开放赎回
2014-01-22,0.9990,0.6950,2.15%,开放申购,开放赎回
2014-01-23,0.9950,0.6910,-0.40%,开放申购,开放赎回
2014-01-24,1.0000,0.6960,0.50%,开放申购,开放赎回
2014-01-27,0.9880,0.6840,-1.20%,开放申购,开放赎回
2014-01-28,0.9900,0.6860,0.20%,开放申购,开放赎回
2014-01-29,0.9930,0.6890,0.30%,开放申购,开放赎回
2014-01-30,0.9830,0.6790,-1.01%,开放申购,开放赎回
2014-02-07,0.9870,0.6830,0.41%,开放申购,开放赎回
2014-02-10,1.0100,0.7060,2.33%,开放申购,开放赎回
2014-02-11,1.0170,0.7130,0.69%,开放申购,开放赎回
2014-02-12,1.0190,0.7150,0.20%,开放申购,开放赎回
2014-02-13,1.0150,0.7110,-0.39%,开放申购,开放赎回
2014-02-14,1.0210,0.7170,0.59%,开放申购,开放赎回
2014-02-17,1.0280,0.7240,0.69%,开放申购,开放赎回
2014-02-18,1.0160,0.7120,-1.17%,开放申购,开放赎回
2014-02-19,1.0260,0.7220,0.98%,开放申购,开放赎回
2014-02-20,1.0170,0.7130,-0.88%,开放申购,开放赎回
2014-02-21,1.0080,0.7040,-0.89%,开放申购,开放赎回
2014-02-24,0.9870,0.6830,-2.08%,开放申购,开放赎回
2014-02-25,0.9640,0.6600,-2.33%,开放申购,开放赎回
2014-02-26,0.9660,0.6620,0.21%,开放申购,开放赎回
2014-02-27,0.9620,0.6580,-0.41%,开放申购,开放赎回
2014-02-28,0.9720,0.6680,1.04%,开放申购,开放赎回
2014-03-03,0.9770,0.6730,0.51%,开放申购,开放赎回
2014-03-04,0.9740,0.6700,-0.31%,开放申购,开放赎回
2014-03-05,0.9660,0.6620,-0.82%,开放申购,开放赎回
2014-03-06,0.9700,0.6660,0.41%,开放申购,开放赎回
2014-03-07,0.9680,0.6640,-0.21%,开放申购,开放赎回
2014-03-10,0.9390,0.6350,-3.00%,开放申购,开放赎回
2014-03-11,0.9430,0.6390,0.43%,开放申购,开放赎回
2014-03-12,0.9450,0.6410,0.21%,开放申购,开放赎回
2014-03-13,0.9560,0.6520,1.16%,开放申购,开放赎回
2014-03-14,0.9480,0.6440,-0.84%,开放申购,开放赎回
2014-03-17,0.9560,0.6520,0.84%,开放申购,开放赎回
2014-03-18,0.9550,0.6510,-0.10%,开放申购,开放赎回
2014-03-19,0.9480,0.6440,-0.73%,开放申购,开放赎回
2014-03-20,0.9340,0.6300,-1.48%,开放申购,开放赎回
2014-03-21,0.9630,0.6590,3.10%,开放申购,开放赎回
2014-03-24,0.9700,0.6660,0.73%,开放申购,开放赎回
2014-03-25,0.9690,0.6650,-0.10%,开放申购,开放赎回
2014-03-26,0.9680,0.6640,-0.10%,开放申购,开放赎回
2014-03-27,0.9620,0.6580,-0.62%,开放申购,开放赎回
2014-03-28,0.9600,0.6560,-0.21%,开放申购,开放赎回
2014-03-31,0.9580,0.6540,-0.21%,开放申购,开放赎回
2014-04-01,0.9640,0.6600,0.63%,开放申购,开放赎回
2014-04-02,0.9720,0.6680,0.83%,开放申购,开放赎回
2014-04-03,0.9650,0.6610,-0.72%,开放申购,开放赎回
2014-04-04,0.9740,0.6700,0.93%,开放申购,开放赎回
2014-04-08,0.9950,0.6910,2.16%,开放申购,开放赎回
2014-04-09,0.9960,0.6920,0.10%,开放申购,开放赎回
2014-04-10,1.0100,0.7060,1.41%,开放申购,开放赎回
2014-04-11,1.0090,0.7050,-0.10%,开放申购,开放赎回
2014-04-14,1.0080,0.7040,-0.10%,开放申购,开放赎回
2014-04-15,0.9920,0.6880,-1.59%,开放申购,开放赎回
2014-04-16,0.9930,0.6890,0.10%,开放申购,开放赎回
2014-04-17,0.9900,0.6860,-0.30%,开放申购,开放赎回
2014-04-18,0.9900,0.6860,0.00%,开放申购,开放赎回
2014-04-21,0.9740,0.6700,-1.62%,开放申购,开放赎回
2014-04-22,0.9780,0.6740,0.41%,开放申购,开放赎回
2014-04-23,0.9770,0.6730,-0.10%,开放申购,开放赎回
2014-04-24,0.9750,0.6710,-0.20%,开放申购,开放赎回
2014-04-25,0.9660,0.6620,-0.92%,开放申购,开放赎回
2014-04-28,0.9520,0.6480,-1.45%,开放申购,开放赎回
2014-04-29,0.9620,0.6580,1.05%,开放申购,开放赎回
2014-04-30,0.9620,0.6580,0.00%,开放申购,开放赎回
2014-05-05,0.9610,0.6570,-0.10%,开放申购,开放赎回
2014-05-06,0.9610,0.6570,0.00%,开放申购,开放赎回
2014-05-07,0.9530,0.6490,-0.83%,开放申购,开放赎回
2014-05-08,0.9530,0.6490,0.00%,开放申购,开放赎回
2014-05-09,0.9520,0.6480,-0.10%,开放申购,开放赎回
2014-05-12,0.9720,0.6680,2.10%,开放申购,开放赎回
2014-05-13,0.9700,0.6660,-0.21%,开放申购,开放赎回
2014-05-14,0.9690,0.6650,-0.10%,开放申购,开放赎回
2014-05-15,0.9570,0.6530,-1.24%,开放申购,开放赎回
2014-05-16,0.9580,0.6540,0.10%,开放申购,开放赎回
2014-05-19,0.9440,0.6400,-1.46%,开放申购,开放赎回
2014-05-20,0.9450,0.6410,0.11%,开放申购,开放赎回
2014-05-21,0.9530,0.6490,0.85%,开放申购,开放赎回
2014-05-22,0.9520,0.6480,-0.10%,开放申购,开放赎回
2014-05-23,0.9590,0.6550,0.74%,开放申购,开放赎回
2014-05-26,0.9630,0.6590,0.42%,开放申购,开放赎回
2014-05-27,0.9590,0.6550,-0.42%,开放申购,开放赎回
2014-05-28,0.9680,0.6640,0.94%,开放申购,开放赎回
2014-05-29,0.9620,0.6580,-0.62%,开放申购,开放赎回
2014-05-30,0.9630,0.6590,0.10%,开放申购,开放赎回
2014-06-03,0.9600,0.6560,-0.31%,开放申购,开放赎回
2014-06-04,0.9510,0.6470,-0.94%,开放申购,开放赎回
2014-06-05,0.9600,0.6560,0.95%,开放申购,开放赎回
2014-06-06,0.9540,0.6500,-0.63%,开放申购,开放赎回
2014-06-09,0.9540,0.6500,0.00%,开放申购,开放赎回
2014-06-10,0.9650,0.6610,1.15%,开放申购,开放赎回
2014-06-11,0.9650,0.6610,0.00%,开放申购,开放赎回
2014-06-12,0.9620,0.6580,-0.31%,开放申购,开放赎回
2014-06-13,0.9710,0.6670,0.94%,开放申购,开放赎回
2014-06-16,0.9780,0.6740,0.72%,开放申购,开放赎回
2014-06-17,0.9700,0.6660,-0.82%,开放申购,开放赎回
2014-06-18,0.9660,0.6620,-0.41%,开放申购,开放赎回
2014-06-19,0.9520,0.6480,-1.45%,开放申购,开放赎回
2014-06-20,0.9560,0.6520,0.42%,开放申购,开放赎回
2014-06-23,0.9560,0.6520,0.00%,开放申购,开放赎回
2014-06-24,0.9620,0.6580,0.63%,开放申购,开放赎回
2014-06-25,0.9580,0.6540,-0.42%,开放申购,开放赎回
2014-06-26,0.9650,0.6610,0.73%,开放申购,开放赎回
2014-06-27,0.9660,0.6620,0.10%,开放申购,开放赎回
2014-06-30,0.9720,0.6680,0.62%,开放申购,开放赎回
2014-07-01,0.9720,0.6680,0.00%,开放申购,开放赎回
2014-07-02,0.9750,0.6710,0.31%,开放申购,开放赎回
2014-07-03,0.9790,0.6750,0.41%,开放申购,开放赎回
2014-07-04,0.9790,0.6750,0.00%,开放申购,开放赎回
2014-07-07,0.9780,0.6740,-0.10%,开放申购,开放赎回
2014-07-08,0.9790,0.6750,0.10%,开放申购,开放赎回
2014-07-09,0.9660,0.6620,-1.33%,开放申购,开放赎回
2014-07-10,0.9640,0.6600,-0.21%,开放申购,开放赎回
2014-07-11,0.9690,0.6650,0.52%,开放申购,开放赎回
2014-07-14,0.9800,0.6760,1.14%,开放申购,开放赎回
2014-07-15,0.9810,0.6770,0.10%,开放申购,开放赎回
2014-07-16,0.9790,0.6750,-0.20%,开放申购,开放赎回
2014-07-17,0.9740,0.6700,-0.51%,开放申购,开放赎回
2014-07-18,0.9780,0.6740,0.41%,开放申购,开放赎回
2014-07-21,0.9780,0.6740,0.00%,开放申购,开放赎回
2014-07-22,0.9890,0.6850,1.12%,开放申购,开放赎回
2014-07-23,0.9910,0.6870,0.20%,开放申购,开放赎回
2014-07-24,1.0080,0.7040,1.72%,开放申购,开放赎回
2014-07-25,1.0180,0.7140,0.99%,开放申购,开放赎回
2014-07-28,1.0450,0.7410,2.65%,开放申购,开放赎回
2014-07-29,1.0490,0.7450,0.38%,开放申购,开放赎回
2014-07-30,1.0460,0.7420,-0.29%,开放申购,开放赎回
2014-07-31,1.0580,0.7540,1.15%,开放申购,开放赎回
2014-08-01,1.0490,0.7450,-0.85%,开放申购,开放赎回
2014-08-04,1.0670,0.7630,1.72%,开放申购,开放赎回
2014-08-05,1.0650,0.7610,-0.19%,开放申购,开放赎回
2014-08-06,1.0630,0.7590,-0.19%,开放申购,开放赎回
2014-08-07,1.0490,0.7450,-1.32%,开放申购,开放赎回
2014-08-08,1.0510,0.7470,0.19%,开放申购,开放赎回
2014-08-11,1.0650,0.7610,1.33%,开放申购,开放赎回
2014-08-12,1.0620,0.7580,-0.28%,开放申购,开放赎回
2014-08-13,1.0620,0.7580,0.00%,开放申购,开放赎回
2014-08-14,1.0530,0.7490,-0.85%,开放申购,开放赎回
2014-08-15,1.0630,0.7590,0.95%,开放申购,开放赎回
2014-08-18,1.0690,0.7650,0.56%,开放申购,开放赎回
2014-08-19,1.0690,0.7650,0.00%,开放申购,开放赎回
2014-08-20,1.0660,0.7620,-0.28%,开放申购,开放赎回
2014-08-21,1.0610,0.7570,-0.47%,开放申购,开放赎回
2014-08-22,1.0650,0.7610,0.38%,开放申购,开放赎回
2014-08-25,1.0560,0.7520,-0.85%,开放申购,开放赎回
2014-08-26,1.0470,0.7430,-0.85%,开放申购,开放赎回
2014-08-27,1.0490,0.7450,0.19%,开放申购,开放赎回
2014-08-28,1.0420,0.7380,-0.67%,开放申购,开放赎回
2014-08-29,1.0530,0.7490,1.06%,开放申购,开放赎回
2014-09-01,1.0610,0.7570,0.76%,开放申购,开放赎回
2014-09-02,1.0740,0.7700,1.23%,开放申购,开放赎回
2014-09-03,1.0830,0.7790,0.84%,开放申购,开放赎回
2014-09-04,1.0910,0.7870,0.74%,开放申购,开放赎回
2014-09-05,1.1000,0.7960,0.82%,开放申购,开放赎回
2014-09-09,1.0990,0.7950,-0.09%,开放申购,开放赎回
2014-09-10,1.0930,0.7890,-0.55%,开放申购,开放赎回
2014-09-11,1.0900,0.7860,-0.27%,开放申购,开放赎回
2014-09-12,1.0970,0.7930,0.64%,开放申购,开放赎回
2014-09-15,1.0970,0.7930,0.00%,开放申购,开放赎回
2014-09-16,1.0750,0.7710,-2.01%,开放申购,开放赎回
2014-09-17,1.0800,0.7760,0.47%,开放申购,开放赎回
2014-09-18,1.0840,0.7800,0.37%,开放申购,开放赎回
2014-09-19,1.0910,0.7870,0.65%,开放申购,开放赎回
2014-09-22,1.0720,0.7680,-1.74%,开放申购,开放赎回
2014-09-23,1.0810,0.7770,0.84%,开放申购,开放赎回
2014-09-24,1.1000,0.7960,1.76%,开放申购,开放赎回
2014-09-25,1.0970,0.7930,-0.27%,开放申购,开放赎回
2014-09-26,1.0970,0.7930,0.00%,开放申购,开放赎回
2014-09-29,1.1020,0.7980,0.46%,开放申购,开放赎回
2014-09-30,1.1040,0.8000,0.18%,开放申购,开放赎回
2014-10-08,1.1150,0.8110,1.00%,开放申购,开放赎回
2014-10-09,1.1160,0.8120,0.09%,开放申购,开放赎回
2014-10-10,1.1100,0.8060,-0.54%,开放申购,开放赎回
2014-10-13,1.1050,0.8010,-0.45%,开放申购,开放赎回
2014-10-14,1.1010,0.7970,-0.36%,开放申购,开放赎回
2014-10-15,1.1080,0.8040,0.64%,开放申购,开放赎回
2014-10-16,1.0990,0.7950,-0.81%,开放申购,开放赎回
2014-10-17,1.0970,0.7930,-0.18%,开放申购,开放赎回
2014-10-20,1.1030,0.7990,0.55%,开放申购,开放赎回
2014-10-21,1.0940,0.7900,-0.82%,开放申购,开放赎回
2014-10-22,1.0880,0.7840,-0.55%,开放申购,开放赎回
2014-10-23,1.0770,0.7730,-1.01%,开放申购,开放赎回
2014-10-24,1.0750,0.7710,-0.19%,开放申购,开放赎回
2014-10-27,1.0670,0.7630,-0.74%,开放申购,开放赎回
2014-10-28,1.0890,0.7850,2.06%,开放申购,开放赎回
2014-10-29,1.1040,0.8000,1.38%,开放申购,开放赎回
2014-10-30,1.1110,0.8070,0.63%,开放申购,开放赎回
2014-10-31,1.1250,0.8210,1.26%,开放申购,开放赎回
2014-11-03,1.1270,0.8230,0.18%,开放申购,开放赎回
2014-11-04,1.1270,0.8230,0.00%,开放申购,开放赎回
2014-11-05,1.1220,0.8180,-0.44%,开放申购,开放赎回
2014-11-06,1.1250,0.8210,0.27%,开放申购,开放赎回
2014-11-07,1.1220,0.8180,-0.27%,开放申购,开放赎回
2014-11-10,1.1470,0.8430,2.23%,开放申购,开放赎回
2014-11-11,1.1410,0.8370,-0.52%,开放申购,开放赎回
2014-11-12,1.1560,0.8520,1.31%,开放申购,开放赎回
2014-11-13,1.1490,0.8450,-0.61%,开放申购,开放赎回
2014-11-14,1.1490,0.8450,0.00%,开放申购,开放赎回
2014-11-17,1.1450,0.8410,-0.35%,开放申购,开放赎回
2014-11-18,1.1350,0.8310,-0.87%,开放申购,开放赎回
2014-11-19,1.1330,0.8290,-0.18%,开放申购,开放赎回
2014-11-20,1.1330,0.8290,0.00%,开放申购,开放赎回
2014-11-21,1.1520,0.8480,1.68%,开放申购,开放赎回
2014-11-24,1.1780,0.8740,2.26%,开放申购,开放赎回
2014-11-25,1.1940,0.8900,1.36%,开放申购,开放赎回
2014-11-26,1.2090,0.9050,1.26%,开放申购,开放赎回
2014-11-27,1.2210,0.9170,0.99%,开放申购,开放赎回
2014-11-28,1.2430,0.9390,1.80%,开放申购,开放赎回
2014-12-01,1.2160,0.9410,0.17%,暂停申购,暂停赎回
2014-12-02,1.2570,0.9820,3.37%,暂停申购,暂停赎回
2014-12-03,1.2740,0.9990,1.35%,开放申购,开放赎回
2014-12-04,1.3210,1.0460,3.69%,开放申购,开放赎回
2014-12-05,1.3240,1.0490,0.23%,开放申购,开放赎回
2014-12-08,1.3400,1.0650,1.21%,开放申购,开放赎回
2014-12-09,1.3110,1.0360,-2.16%,开放申购,开放赎回
2014-12-10,1.3370,1.0620,1.98%,开放申购,开放赎回
2014-12-11,1.3250,1.0500,-0.90%,开放申购,开放赎回
2014-12-12,1.3300,1.0550,0.38%,开放申购,开放赎回
2014-12-15,1.3360,1.0610,0.45%,开放申购,开放赎回
2014-12-16,1.3690,1.0940,2.47%,开放申购,开放赎回
2014-12-17,1.3920,1.1170,1.68%,开放申购,开放赎回
2014-12-18,1.3870,1.1120,-0.36%,开放申购,开放赎回
2014-12-19,1.4010,1.1260,1.01%,开放申购,开放赎回
2014-12-22,1.4060,1.1310,0.36%,开放申购,开放赎回
2014-12-23,1.3780,1.1030,-1.99%,开放申购,开放赎回
2014-12-24,1.3370,1.0620,-2.98%,开放申购,开放赎回
2014-12-25,1.3800,1.1050,3.22%,开放申购,开放赎回
2014-12-26,1.4260,1.1510,3.33%,开放申购,开放赎回
2014-12-29,1.4310,1.1560,0.35%,开放申购,开放赎回
2014-12-30,1.4340,1.1590,0.21%,开放申购,开放赎回
2014-12-31,1.4630,1.1880,2.02%,开放申购,开放赎回
2015-01-05,1.5060,1.2310,2.94%,开放申购,开放赎回
2015-01-06,1.0000,1.2310,-0.17%,暂停申购,暂停赎回
2015-01-07,1.0000,1.2310,0.00%,暂停申购,暂停赎回
2015-01-08,0.9770,1.2080,-2.30%,开放申购,开放赎回
2015-01-09,0.9750,1.2060,-0.20%,开放申购,开放赎回
2015-01-12,0.9680,1.1990,-0.72%,开放申购,开放赎回
2015-01-13,0.9680,1.1990,0.00%,开放申购,开放赎回
2015-01-14,0.9650,1.1960,-0.31%,开放申购,开放赎回
2015-01-15,0.9900,1.2210,2.59%,开放申购,开放赎回
2015-01-16,0.9980,1.2290,0.81%,开放申购,开放赎回
2015-01-19,0.9240,1.1550,-7.41%,开放申购,开放赎回
2015-01-20,0.9360,1.1670,1.30%,开放申购,开放赎回
2015-01-21,0.9760,1.2070,4.27%,开放申购,开放赎回
2015-01-22,0.9810,1.2120,0.51%,开放申购,开放赎回
2015-01-23,0.9820,1.2130,0.10%,开放申购,开放赎回
2015-01-26,0.9890,1.2200,0.71%,开放申购,开放赎回
2015-01-27,0.9810,1.2120,-0.81%,开放申购,开放赎回
2015-01-28,0.9680,1.1990,-1.33%,开放申购,开放赎回
2015-01-29,0.9560,1.1870,-1.24%,开放申购,开放赎回
2015-01-30,0.9440,1.1750,-1.26%,开放申购,开放赎回
2015-02-02,0.9230,1.1540,-2.22%,开放申购,开放赎回
2015-02-03,0.9440,1.1750,2.28%,开放申购,开放赎回
2015-02-04,0.9350,1.1660,-0.95%,开放申购,开放赎回
2015-02-05,0.9260,1.1570,-0.96%,开放申购,开放赎回
2015-02-06,0.9120,1.1430,-1.51%,开放申购,开放赎回
2015-02-09,0.9200,1.1510,0.88%,开放申购,开放赎回
2015-02-10,0.9350,1.1660,1.63%,开放申购,开放赎回
2015-02-11,0.9420,1.1730,0.75%,开放申购,开放赎回
2015-02-12,0.9440,1.1750,0.21%,开放申购,开放赎回
2015-02-13,0.9510,1.1820,0.74%,开放申购,开放赎回
2015-02-16,0.9580,1.1890,0.74%,开放申购,开放赎回
2015-02-17,0.9640,1.1950,0.63%,开放申购,开放赎回
2015-02-25,0.9530,1.1840,-1.14%,开放申购,开放赎回
2015-02-26,0.9750,1.2060,2.31%,开放申购,开放赎回
2015-02-27,0.9770,1.2080,0.21%,开放申购,开放赎回
2015-03-02,0.9840,1.2150,0.72%,开放申购,开放赎回
2015-03-03,0.9600,1.1910,-2.44%,开放申购,开放赎回
2015-03-04,0.9660,1.1970,0.63%,开放申购,开放赎回
2015-03-05,0.9570,1.1880,-0.93%,开放申购,开放赎回
2015-03-06,0.9520,1.1830,-0.52%,开放申购,开放赎回
2015-03-09,0.9680,1.1990,1.68%,开放申购,开放赎回
2015-03-10,0.9630,1.1940,-0.52%,开放申购,开放赎回
2015-03-11,0.9640,1.1950,0.10%,开放申购,开放赎回
2015-03-12,0.9820,1.2130,1.87%,开放申购,开放赎回
2015-03-13,0.9880,1.2190,0.61%,开放申购,开放赎回
2015-03-16,1.0110,1.2420,2.33%,开放申购,开放赎回
2015-03-17,1.0230,1.2540,1.19%,开放申购,开放赎回
2015-03-18,1.0460,1.2770,2.25%,开放申购,开放赎回
2015-03-19,1.0440,1.2750,-0.19%,开放申购,开放赎回
2015-03-20,1.0580,1.2890,1.34%,开放申购,开放赎回
2015-03-23,1.0780,1.3090,1.89%,开放申购,开放赎回
2015-03-24,1.0790,1.3100,0.09%,开放申购,开放赎回
2015-03-25,1.0700,1.3010,-0.83%,开放申购,开放赎回
2015-03-26,1.0730,1.3040,0.28%,开放申购,开放赎回
2015-03-27,1.0780,1.3090,0.47%,开放申购,开放赎回
2015-03-30,1.1080,1.3390,2.78%,开放申购,开放赎回
2015-03-31,1.0990,1.3300,-0.81%,开放申购,开放赎回
2015-04-01,1.1170,1.3480,1.64%,开放申购,开放赎回
2015-04-02,1.1170,1.3480,0.00%,开放申购,开放赎回
2015-04-03,1.1290,1.3600,1.07%,开放申购,开放赎回
2015-04-07,1.1510,1.3820,1.95%,开放申购,开放赎回
2015-04-08,1.1600,1.3910,0.78%,开放申购,开放赎回
2015-04-09,1.1510,1.3820,-0.78%,开放申购,开放赎回
2015-04-10,1.1750,1.4060,2.09%,开放申购,开放赎回
2015-04-13,1.1930,1.4240,1.53%,开放申购,开放赎回
2015-04-14,1.1960,1.4270,0.25%,开放申购,开放赎回
2015-04-15,1.1820,1.4130,-1.17%,开放申购,开放赎回
2015-04-16,1.2160,1.4470,2.88%,开放申购,开放赎回
2015-04-17,1.2360,1.4670,1.64%,开放申购,开放赎回
2015-04-20,1.2160,1.4470,-1.62%,开放申购,开放赎回
2015-04-21,1.2420,1.4730,2.14%,开放申购,开放赎回
2015-04-22,1.2730,1.5040,2.50%,开放申购,开放赎回
2015-04-23,1.2730,1.5040,0.00%,开放申购,开放赎回
2015-04-24,1.2620,1.4930,-0.86%,开放申购,开放赎回
2015-04-27,1.2880,1.5190,2.06%,开放申购,开放赎回
2015-04-28,1.2710,1.5020,-1.32%,开放申购,开放赎回
2015-04-29,1.2790,1.5100,0.63%,开放申购,开放赎回
2015-04-30,1.2730,1.5040,-0.47%,开放申购,开放赎回
2015-05-04,1.2830,1.5140,0.79%,开放申购,开放赎回
2015-05-05,1.2340,1.4650,-3.82%,开放申购,开放赎回
2015-05-06,1.2240,1.4550,-0.81%,开放申购,开放赎回
2015-05-07,1.2030,1.4340,-1.72%,开放申购,开放赎回
2015-05-08,1.2250,1.4560,1.83%,开放申购,开放赎回
2015-05-11,1.2580,1.4890,2.69%,开放申购,开放赎回
2015-05-12,1.2720,1.5030,1.11%,开放申购,开放赎回
2015-05-13,1.2650,1.4960,-0.55%,开放申购,开放赎回
2015-05-14,1.2610,1.4920,-0.32%,开放申购,开放赎回
2015-05-15,1.2390,1.4700,-1.74%,开放申购,开放赎回
2015-05-18,1.2280,1.4590,-0.89%,开放申购,开放赎回
2015-05-19,1.2710,1.5020,3.50%,开放申购,开放赎回
2015-05-20,1.2790,1.5100,0.63%,开放申购,开放赎回
2015-05-21,1.3030,1.5340,1.88%,开放申购,开放赎回
2015-05-22,1.3320,1.5630,2.23%,开放申购,开放赎回
2015-05-25,1.3720,1.6030,3.00%,开放申购,开放赎回
2015-05-26,1.4000,1.6310,2.04%,开放申购,开放赎回
2015-05-27,1.3960,1.6270,-0.29%,开放申购,开放赎回
2015-05-28,1.3040,1.5350,-6.59%,开放申购,开放赎回
2015-05-29,1.3060,1.5370,0.15%,开放申购,开放赎回
2015-06-01,1.3680,1.5990,4.75%,开放申购,开放赎回
2015-06-02,1.3910,1.6220,1.68%,开放申购,开放赎回
2015-06-03,1.3870,1.6180,-0.29%,开放申购,开放赎回
2015-06-04,1.3970,1.6280,0.72%,开放申购,开放赎回
2015-06-05,1.4100,1.6410,0.93%,开放申购,开放赎回
2015-06-08,1.4370,1.6680,1.91%,开放申购,开放赎回
2015-06-09,1.4170,1.6480,-1.39%,开放申购,开放赎回
2015-06-10,1.4150,1.6460,-0.14%,开放申购,开放赎回
2015-06-11,1.4140,1.6450,-0.07%,开放申购,开放赎回
2015-06-12,1.4200,1.6510,0.42%,开放申购,开放赎回
2015-06-15,1.3900,1.6210,-2.11%,开放申购,开放赎回
2015-06-16,1.3480,1.5790,-3.02%,开放申购,开放赎回
2015-06-17,1.3680,1.5990,1.48%,开放申购,开放赎回
2015-06-18,1.3130,1.5440,-4.02%,开放申购,开放赎回
2015-06-19,1.2380,1.4690,-5.71%,开放申购,开放赎回
2015-06-23,1.2760,1.5070,3.07%,开放申购,开放赎回
2015-06-24,1.3010,1.5320,1.96%,开放申购,开放赎回
2015-06-25,1.2570,1.4880,-3.38%,开放申购,开放赎回
2015-06-26,1.1620,1.3930,-7.56%,开放申购,开放赎回
2015-06-29,1.1240,1.3550,-3.27%,开放申购,开放赎回
2015-06-30,1.1950,1.4260,6.32%,开放申购,开放赎回
2015-07-01,1.1390,1.3700,-4.69%,开放申购,开放赎回
2015-07-02,1.1000,1.3310,-3.42%,开放申购,开放赎回
2015-07-03,1.0400,1.2710,-5.45%,开放申购,开放赎回
2015-07-06,1.0680,1.2990,2.69%,开放申购,开放赎回
2015-07-07,1.0490,1.2800,-1.78%,开放申购,开放赎回
2015-07-08,0.9790,1.2100,-6.67%,开放申购,开放赎回
2015-07-09,1.0290,1.2600,5.11%,开放申购,开放赎回
2015-07-10,1.0800,1.3110,4.96%,开放申购,开放赎回
2015-07-13,1.1080,1.3390,2.59%,开放申购,开放赎回
2015-07-14,1.0870,1.3136,-1.90%,开放申购,开放赎回
2015-07-15,1.0500,1.2689,-3.40%,开放申购,开放赎回
2015-07-16,1.0580,1.2786,0.76%,开放申购,开放赎回
2015-07-17,1.0970,1.3257,3.69%,开放申购,开放赎回
2015-07-20,1.1010,1.3305,0.36%,开放申购,开放赎回
2015-07-21,1.1040,1.3341,0.27%,开放申购,开放赎回
2015-07-22,1.1030,1.3329,-0.09%,开放申购,开放赎回
2015-07-23,1.1280,1.3631,2.27%,开放申购,开放赎回
2015-07-24,1.1090,1.3401,-1.68%,开放申购,开放赎回
2015-07-27,1.0160,1.2277,-8.39%,开放申购,开放赎回
2015-07-28,1.0110,1.2217,-0.49%,开放申购,开放赎回
2015-07-29,1.0430,1.2604,3.17%,开放申购,开放赎回
2015-07-30,1.0130,1.2241,-2.88%,开放申购,开放赎回
2015-07-31,1.0140,1.2253,0.10%,开放申购,开放赎回
2015-08-03,1.0150,1.2265,0.10%,开放申购,开放赎回
2015-08-04,1.0470,1.2652,3.15%,开放申购,开放赎回
2015-08-05,1.0260,1.2398,-2.01%,开放申购,开放赎回
2015-08-06,1.0160,1.2277,-0.97%,开放申购,开放赎回
2015-08-07,1.0370,1.2531,2.07%,开放申购,开放赎回
2015-08-10,1.0850,1.3111,4.63%,开放申购,开放赎回
2015-08-11,1.0810,1.3063,-0.37%,开放申购,开放赎回
2015-08-12,1.0680,1.2906,-1.20%,开放申购,开放赎回
2015-08-13,1.0850,1.3111,1.59%,开放申购,开放赎回
2015-08-14,1.0850,1.3111,0.00%,开放申购,开放赎回
2015-08-17,1.0880,1.3147,0.28%,开放申购,开放赎回
2015-08-18,1.0180,1.2301,-6.43%,开放申购,开放赎回
2015-08-19,1.0340,1.2494,1.57%,开放申购,开放赎回
2015-08-20,1.0020,1.2107,-3.09%,开放申购,开放赎回
2015-08-21,0.9550,1.1539,-4.69%,开放申购,开放赎回
2015-08-24,0.8720,1.0536,-8.69%,开放申购,开放赎回
2015-08-25,0.8090,0.9775,-7.22%,开放申购,开放赎回
2015-08-26,0.8010,0.9678,-0.99%,开放申购,开放赎回
2015-08-27,0.8440,1.0198,5.37%,开放申购,开放赎回
2015-08-28,0.8810,1.0645,4.38%,开放申购,开放赎回
2015-08-31,0.8840,1.0675,0.34%,开放申购,开放赎回
2015-09-01,0.8770,1.0605,-0.79%,开放申购,开放赎回
2015-09-02,0.8760,1.0595,-0.11%,开放申购,开放赎回
2015-09-07,0.8490,1.0268,-3.08%,开放申购,开放赎回
2015-09-08,0.8720,1.0546,2.71%,开放申购,开放赎回
2015-09-09,0.8900,1.0726,2.06%,开放申购,开放赎回
2015-09-10,0.8790,1.0616,-1.24%,开放申购,开放赎回
2015-09-11,0.8770,1.0592,-0.23%,开放申购,开放赎回
2015-09-14,0.8570,1.0392,-2.28%,开放申购,开放赎回
2015-09-15,0.8230,1.0052,-3.97%,开放申购,开放赎回
2015-09-16,0.8660,1.0482,5.22%,开放申购,开放赎回
2015-09-17,0.8470,1.0292,-2.19%,开放申购,开放赎回
2015-09-18,0.8520,1.0342,0.59%,开放申购,开放赎回
2015-09-21,0.8690,1.0512,2.00%,开放申购,开放赎回
2015-09-22,0.8770,1.0592,0.92%,开放申购,开放赎回
2015-09-23,0.8580,1.0402,-2.17%,开放申购,开放赎回
2015-09-24,0.8650,1.0472,0.82%,开放申购,开放赎回
2015-09-25,0.8510,1.0332,-1.62%,开放申购,开放赎回
2015-09-28,0.8540,1.0362,0.35%,开放申购,开放赎回
2015-09-29,0.8370,1.0192,-1.99%,开放申购,开放赎回
2015-09-30,0.8430,1.0252,0.72%,开放申购,开放赎回
2015-10-08,0.8680,1.0502,2.97%,开放申购,开放赎回
2015-10-09,0.8800,1.0622,1.38%,开放申购,开放赎回
2015-10-12,0.9090,1.0912,3.30%,开放申购,开放赎回
2015-10-13,0.9090,1.0912,0.00%,开放申购,开放赎回
2015-10-14,0.8980,1.0802,-1.21%,开放申购,开放赎回
2015-10-15,0.9190,1.1012,2.34%,开放申购,开放赎回
2015-10-16,0.9320,1.1142,1.41%,开放申购,开放赎回
2015-10-19,0.9320,1.1142,0.00%,开放申购,开放赎回
2015-10-20,0.9440,1.1262,1.29%,开放申购,开放赎回
2015-10-21,0.9140,1.0962,-3.18%,开放申购,开放赎回
2015-10-22,0.9290,1.1112,1.64%,开放申购,开放赎回
2015-10-23,0.9440,1.1262,1.61%,开放申购,开放赎回
2015-10-26,0.9480,1.1302,0.42%,开放申购,开放赎回
2015-10-27,0.9490,1.1312,0.11%,开放申购,开放赎回
2015-10-28,0.9310,1.1132,-1.90%,开放申购,开放赎回
2015-10-29,0.9330,1.1152,0.21%,开放申购,开放赎回
2015-10-30,0.9330,1.1152,0.00%,开放申购,开放赎回
2015-11-02,0.9180,1.1002,-1.61%,开放申购,开放赎回
2015-11-03,0.9150,1.0972,-0.33%,开放申购,开放赎回
2015-11-04,0.9560,1.1382,4.48%,开放申购,开放赎回
2015-11-05,0.9750,1.1572,1.99%,开放申购,开放赎回
2015-11-06,0.9960,1.1782,2.15%,开放申购,开放赎回
2015-11-09,1.0080,1.1902,1.20%,开放申购,开放赎回
2015-11-10,1.0060,1.1882,-0.20%,开放申购,开放赎回
2015-11-11,1.0060,1.1882,0.00%,开放申购,开放赎回
2015-11-12,0.9970,1.1792,-0.89%,开放申购,开放赎回
2015-11-13,0.9850,1.1672,-1.20%,开放申购,开放赎回
2015-11-16,0.9940,1.1762,0.91%,开放申购,开放赎回
2015-11-17,0.9940,1.1762,0.00%,开放申购,开放赎回
2015-11-18,0.9830,1.1652,-1.11%,开放申购,开放赎回
2015-11-19,0.9990,1.1812,1.63%,开放申购,开放赎回
2015-11-20,0.9990,1.1812,0.00%,开放申购,开放赎回
2015-11-23,0.9940,1.1762,-0.50%,开放申购,开放赎回
2015-11-24,0.9940,1.1762,0.00%,开放申购,开放赎回
2015-11-25,1.0010,1.1832,0.70%,开放申购,开放赎回
2015-11-26,0.9950,1.1772,-0.60%,开放申购,开放赎回
2015-11-27,0.9440,1.1262,-5.13%,开放申购,开放赎回
2015-11-30,0.9470,1.1292,0.32%,开放申购,开放赎回
2015-12-01,0.9250,1.1292,0.63%,暂停申购,暂停赎回
2015-12-02,0.9560,1.1602,3.35%,暂停申购,暂停赎回
2015-12-03,0.9630,1.1672,0.73%,开放申购,开放赎回
2015-12-04,0.9460,1.1502,-1.77%,开放申购,开放赎回
2015-12-07,0.9480,1.1522,0.21%,开放申购,开放赎回
2015-12-08,0.9330,1.1372,-1.58%,开放申购,开放赎回
2015-12-09,0.9360,1.1402,0.32%,开放申购,开放赎回
2015-12-10,0.9320,1.1362,-0.43%,开放申购,开放赎回
2015-12-11,0.9280,1.1322,-0.43%,开放申购,开放赎回
2015-12-14,0.9520,1.1562,2.59%,开放申购,开放赎回
2015-12-15,0.9490,1.1532,-0.32%,开放申购,开放赎回
2015-12-16,0.9470,1.1512,-0.21%,开放申购,开放赎回
2015-12-17,0.9640,1.1682,1.80%,开放申购,开放赎回
2015-12-18,0.9670,1.1712,0.31%,开放申购,开放赎回
2015-12-21,0.9900,1.1942,2.38%,开放申购,开放赎回
2015-12-22,0.9930,1.1972,0.30%,开放申购,开放赎回
2015-12-23,0.9900,1.1942,-0.30%,开放申购,开放赎回
2015-12-24,0.9810,1.1852,-0.91%,开放申购,开放赎回
2015-12-25,0.9840,1.1882,0.31%,开放申购,开放赎回
2015-12-28,0.9570,1.1612,-2.74%,开放申购,开放赎回
2015-12-29,0.9650,1.1692,0.84%,开放申购,开放赎回
2015-12-30,0.9660,1.1702,0.10%,开放申购,开放赎回
2015-12-31,0.9580,1.1622,-0.83%,开放申购,开放赎回
2016-01-04,0.8910,1.0952,-6.99%,开放申购,开放赎回
2016-01-05,0.8930,1.0972,0.22%,开放申购,开放赎回
2016-01-06,0.9080,1.1122,1.68%,开放申购,开放赎回
2016-01-07,0.8490,1.0532,-6.50%,开放申购,开放赎回
2016-01-08,0.8640,1.0682,1.77%,开放申购,开放赎回
2016-01-11,0.8220,1.0262,-4.86%,开放申购,开放赎回
2016-01-12,0.8280,1.0322,0.73%,开放申购,开放赎回
2016-01-13,0.8120,1.0162,-1.93%,开放申购,开放赎回
2016-01-14,0.8290,1.0332,2.09%,开放申购,开放赎回
2016-01-15,0.8030,1.0072,-3.14%,开放申购,开放赎回
2016-01-18,0.8060,1.0102,0.37%,开放申购,开放赎回
2016-01-19,0.8290,1.0332,2.85%,开放申购,开放赎回
2016-01-20,0.8170,1.0212,-1.45%,开放申购,开放赎回
2016-01-21,0.7940,0.9982,-2.82%,开放申购,开放赎回
2016-01-22,0.8010,1.0052,0.88%,开放申购,开放赎回
2016-01-25,0.8050,1.0092,0.50%,开放申购,开放赎回
2016-01-26,0.7570,0.9612,-5.96%,开放申购,开放赎回
2016-01-27,0.7500,0.9542,-0.92%,开放申购,开放赎回
2016-01-28,0.7310,0.9352,-2.53%,开放申购,开放赎回
2016-01-29,0.7530,0.9572,3.01%,开放申购,开放赎回
2016-02-01,0.7430,0.9472,-1.33%,开放申购,开放赎回
2016-02-02,0.7580,0.9622,2.02%,开放申购,开放赎回
2016-02-03,0.7550,0.9592,-0.40%,开放申购,开放赎回
2016-02-04,0.7640,0.9682,1.19%,开放申购,开放赎回
2016-02-05,0.7590,0.9632,-0.65%,开放申购,开放赎回
2016-02-15,0.7550,0.9592,-0.53%,开放申购,开放赎回
2016-02-16,0.7770,0.9812,2.91%,开放申购,开放赎回
2016-02-17,0.7830,0.9872,0.77%,开放申购,开放赎回
2016-02-18,0.7810,0.9852,-0.26%,开放申购,开放赎回
2016-02-19,0.7810,0.9852,0.00%,开放申购,开放赎回
2016-02-22,0.7970,1.0012,2.05%,开放申购,开放赎回
2016-02-23,0.7890,0.9932,-1.00%,开放申购,开放赎回
2016-02-24,0.7940,0.9982,0.63%,开放申购,开放赎回
2016-02-25,0.7480,0.9522,-5.79%,开放申购,开放赎回
2016-02-26,0.7540,0.9582,0.80%,开放申购,开放赎回
2016-02-29,0.7360,0.9402,-2.39%,开放申购,开放赎回
2016-03-01,0.7490,0.9532,1.77%,开放申购,开放赎回
2016-03-02,0.7790,0.9832,4.01%,开放申购,开放赎回
2016-03-03,0.7800,0.9842,0.13%,开放申购,开放赎回
2016-03-04,0.7880,0.9922,1.03%,开放申购,开放赎回
2016-03-07,0.7910,0.9952,0.38%,开放申购,开放赎回
2016-03-08,0.7920,0.9962,0.13%,开放申购,开放赎回
2016-03-09,0.7830,0.9872,-1.14%,开放申购,开放赎回
2016-03-10,0.7690,0.9732,-1.79%,开放申购,开放赎回
2016-03-11,0.7690,0.9732,0.00%,开放申购,开放赎回
2016-03-14,0.7810,0.9852,1.56%,开放申购,开放赎回
2016-03-15,0.7830,0.9872,0.26%,开放申购,开放赎回
2016-03-16,0.7860,0.9902,0.38%,开放申购,开放赎回
2016-03-17,0.7950,0.9992,1.15%,开放申购,开放赎回
2016-03-18,0.8070,1.0112,1.51%,开放申购,开放赎回
2016-03-21,0.8260,1.0302,2.35%,开放申购,开放赎回
2016-03-22,0.8200,1.0242,-0.73%,开放申购,开放赎回
2016-03-23,0.8230,1.0272,0.37%,开放申购,开放赎回
2016-03-24,0.8100,1.0142,-1.58%,开放申购,开放赎回
2016-03-25,0.8140,1.0182,0.49%,开放申购,开放赎回
2016-03-28,0.8070,1.0112,-0.86%,开放申购,开放赎回
2016-03-29,0.7980,1.0022,-1.12%,开放申购,开放赎回
2016-03-30,0.8170,1.0212,2.38%,开放申购,开放赎回
2016-03-31,0.8170,1.0212,0.00%,开放申购,开放赎回
2016-04-01,0.8180,1.0222,0.12%,开放申购,开放赎回
2016-04-05,0.8290,1.0332,1.34%,开放申购,开放赎回
2016-04-06,0.8280,1.0322,-0.12%,开放申购,开放赎回
2016-04-07,0.8160,1.0202,-1.45%,开放申购,开放赎回
2016-04-08,0.8100,1.0142,-0.74%,开放申购,开放赎回
2016-04-11,0.8210,1.0252,1.36%,开放申购,开放赎回
2016-04-12,0.8180,1.0222,-0.37%,开放申购,开放赎回
2016-04-13,0.8280,1.0322,1.22%,开放申购,开放赎回
2016-04-14,0.8320,1.0362,0.48%,开放申购,开放赎回
2016-04-15,0.8310,1.0352,-0.12%,开放申购,开放赎回
2016-04-18,0.8200,1.0242,-1.32%,开放申购,开放赎回
2016-04-19,0.8230,1.0272,0.37%,开放申购,开放赎回
2016-04-20,0.8070,1.0112,-1.94%,开放申购,开放赎回
2016-04-21,0.8020,1.0062,-0.62%,开放申购,开放赎回
2016-04-22,0.8060,1.0102,0.50%,开放申购,开放赎回
2016-04-25,0.8020,1.0062,-0.50%,开放申购,开放赎回
2016-04-26,0.8070,1.0112,0.62%,开放申购,开放赎回
2016-04-27,0.8040,1.0082,-0.37%,开放申购,开放赎回
2016-04-28,0.8030,1.0072,-0.12%,开放申购,开放赎回
2016-04-29,0.8020,1.0062,-0.12%,开放申购,开放赎回
2016-05-03,0.8160,1.0202,1.75%,开放申购,开放赎回
2016-05-04,0.8160,1.0202,0.00%,开放申购,开放赎回
2016-05-05,0.8170,1.0212,0.12%,开放申购,开放赎回
2016-05-06,0.7960,1.0002,-2.57%,开放申购,开放赎回
2016-05-09,0.7790,0.9832,-2.14%,开放申购,开放赎回
2016-05-10,0.7800,0.9842,0.13%,开放申购,开放赎回
2016-05-11,0.7830,0.9872,0.38%,开放申购,开放赎回
2016-05-12,0.7850,0.9892,0.26%,开放申购,开放赎回
2016-05-13,0.7810,0.9852,-0.51%,开放申购,开放赎回
2016-05-16,0.7860,0.9902,0.64%,开放申购,开放赎回
2016-05-17,0.7840,0.9882,-0.25%,开放申购,开放赎回
2016-05-18,0.7790,0.9832,-0.64%,开放申购,开放赎回
2016-05-19,0.7780,0.9822,-0.13%,开放申购,开放赎回
2016-05-20,0.7820,0.9862,0.51%,开放申购,开放赎回
2016-05-23,0.7850,0.9892,0.38%,开放申购,开放赎回
2016-05-24,0.7790,0.9832,-0.76%,开放申购,开放赎回
2016-05-25,0.7780,0.9822,-0.13%,开放申购,开放赎回
2016-05-26,0.7790,0.9832,0.13%,开放申购,开放赎回
2016-05-27,0.7790,0.9832,0.00%,开放申购,开放赎回
2016-05-30,0.7800,0.9842,0.13%,开放申购,开放赎回
2016-05-31,0.8060,1.0102,3.33%,开放申购,开放赎回
2016-06-01,0.8040,1.0082,-0.25%,开放申购,开放赎回
2016-06-02,0.8050,1.0092,0.12%,开放申购,开放赎回
2016-06-03,0.8120,1.0162,0.87%,开放申购,开放赎回
2016-06-06,0.8100,1.0142,-0.25%,开放申购,开放赎回
2016-06-07,0.8100,1.0142,0.00%,开放申购,开放赎回
2016-06-08,0.8070,1.0112,-0.37%,开放申购,开放赎回
2016-06-13,0.7830,0.9872,-2.97%,开放申购,开放赎回
2016-06-14,0.7850,0.9892,0.26%,开放申购,开放赎回
2016-06-15,0.7960,1.0002,1.40%,开放申购,开放赎回
2016-06-16,0.7910,0.9952,-0.63%,开放申购,开放赎回
2016-06-17,0.7960,1.0002,0.63%,开放申购,开放赎回
2016-06-20,0.7960,1.0002,0.00%,开放申购,开放赎回
2016-06-21,0.7950,0.9992,-0.13%,开放申购,开放赎回
2016-06-22,0.8020,1.0062,0.88%,开放申购,开放赎回
2016-06-23,0.7980,1.0022,-0.50%,开放申购,开放赎回
2016-06-24,0.7890,0.9932,-1.13%,开放申购,开放赎回
2016-06-27,0.8000,1.0042,1.39%,开放申购,开放赎回
2016-06-28,0.8040,1.0082,0.50%,开放申购,开放赎回
2016-06-29,0.8080,1.0122,0.50%,开放申购,开放赎回
2016-06-30,0.8090,1.0132,0.12%,开放申购,开放赎回
2016-07-01,0.8090,1.0132,0.00%,开放申购,开放赎回
2016-07-04,0.8240,1.0282,1.85%,开放申购,开放赎回
2016-07-05,0.8270,1.0312,0.36%,开放申购,开放赎回
2016-07-06,0.8300,1.0342,0.36%,开放申购,开放赎回
2016-07-07,0.8300,1.0342,0.00%,开放申购,开放赎回
2016-07-08,0.8260,1.0302,-0.48%,开放申购,开放赎回
2016-07-11,0.8290,1.0332,0.36%,开放申购,开放赎回
2016-07-12,0.8470,1.0512,2.17%,开放申购,开放赎回
2016-07-13,0.8510,1.0552,0.47%,开放申购,开放赎回
2016-07-14,0.8490,1.0532,-0.24%,开放申购,开放赎回
2016-07-15,0.8500,1.0542,0.12%,开放申购,开放赎回
2016-07-18,0.8460,1.0502,-0.47%,开放申购,开放赎回
2016-07-19,0.8430,1.0472,-0.35%,开放申购,开放赎回
2016-07-20,0.8400,1.0442,-0.36%,开放申购,开放赎回
2016-07-21,0.8440,1.0482,0.48%,开放申购,开放赎回
2016-07-22,0.8370,1.0412,-0.83%,开放申购,开放赎回
2016-07-25,0.8390,1.0432,0.24%,开放申购,开放赎回
2016-07-26,0.8490,1.0532,1.19%,开放申购,开放赎回
2016-07-27,0.8360,1.0402,-1.53%,开放申购,开放赎回
2016-07-28,0.8360,1.0402,0.00%,开放申购,开放赎回
2016-07-29,0.8330,1.0372,-0.36%,开放申购,开放赎回
2016-08-01,0.8260,1.0302,-0.84%,开放申购,开放赎回
2016-08-02,0.8290,,0.36%,开放申购,开放赎回
2016-08-03,0.8300,,0.12%,开放申购,开放赎回
2016-08-04,0.8320,,0.24%,开放申购,开放赎回
2016-08-05,0.8330,,0.12%,开放申购,开放赎回
2016-08-08,0.8400,,0.84%,开放申购,开放赎回
2016-08-09,0.8460,,0.71%,开放申购,开放赎回
2016-08-10,0.8430,,-0.35%,开放申购,开放赎回
2016-08-11,0.8400,,-0.36%,开放申购,开放赎回
2016-08-12,0.8550,,1.79%,开放申购,开放赎回
2016-08-15,0.8800,,2.92%,开放申购,开放赎回
2016-08-16,0.8770,,-0.34%,开放申购,开放赎回
2016-08-17,0.8750,,-0.23%,开放申购,开放赎回
2016-08-18,0.8730,,-0.23%,开放申购,开放赎回
2016-08-19,0.8740,,0.11%,开放申购,开放赎回
2016-08-22,0.8660,,-0.92%,开放申购,开放赎回
2016-08-23,0.8680,,0.23%,开放申购,开放赎回
2016-08-24,0.8650,,-0.35%,开放申购,开放赎回
2016-08-25,0.8600,,-0.58%,开放申购,开放赎回
2016-08-26,0.8590,,-0.12%,开放申购,开放赎回
2016-08-29,0.8590,1.0632,0.00%,开放申购,开放赎回
2016-08-30,0.8600,,0.12%,开放申购,开放赎回
2016-08-31,0.8640,,0.47%,开放申购,开放赎回
2016-09-01,0.8570,1.0612,-0.81%,开放申购,开放赎回
2016-09-02,0.8600,,0.35%,开放申购,开放赎回
2016-09-05,0.8610,,0.12%,开放申购,开放赎回
2016-09-06,0.8660,,0.58%,开放申购,开放赎回
2016-09-07,0.8660,,0.00%,开放申购,开放赎回
2016-09-08,0.8650,,-0.12%,开放申购,开放赎回
2016-09-09,0.8600,,-0.58%,开放申购,开放赎回
2016-09-12,0.8460,,-1.63%,开放申购,开放赎回
2016-09-13,0.8460,,0.00%,开放申购,开放赎回
2016-09-14,0.8400,,-0.71%,开放申购,开放赎回
2016-09-19,0.8460,,0.71%,开放申购,开放赎回
2016-09-20,0.8450,,-0.12%,开放申购,开放赎回
2016-09-21,0.8470,,0.24%,开放申购,开放赎回
2016-09-22,0.8530,,0.71%,开放申购,开放赎回
2016-09-23,0.8490,,-0.47%,开放申购,开放赎回
2016-09-26,0.8360,,-1.53%,开放申购,开放赎回
2016-09-27,0.8410,,0.60%,开放申购,开放赎回
2016-09-28,0.8380,,-0.36%,开放申购,开放赎回
2016-09-29,0.8420,,0.48%,开放申购,开放赎回
2016-09-30,0.8440,,0.24%,开放申购,开放赎回
2016-10-10,0.8530,,1.07%,开放申购,开放赎回
2016-10-11,0.8560,,0.35%,开放申购,开放赎回
2016-10-12,0.8550,,-0.12%,开放申购,开放赎回
2016-10-13,0.8550,,0.00%,开放申购,开放赎回
2016-10-14,0.8560,,0.12%,开放申购,开放赎回
2016-10-17,0.8490,,-0.82%,开放申购,开放赎回
2016-10-18,0.8600,,1.30%,开放申购,开放赎回
2016-10-19,0.8580,,-0.23%,开放申购,开放赎回
2016-10-20,0.8590,,0.12%,开放申购,开放赎回
2016-10-21,0.8610,,0.23%,开放申购,开放赎回
2016-10-24,0.8710,,1.16%,开放申购,开放赎回
2016-10-25,0.8710,,0.00%,开放申购,开放赎回
2016-10-26,0.8670,,-0.46%,开放申购,开放赎回
2016-10-27,0.8650,,-0.23%,开放申购,开放赎回
2016-10-28,0.8640,,-0.12%,开放申购,开放赎回
2016-10-31,0.8630,,-0.12%,开放申购,开放赎回
2016-11-01,0.8680,,0.58%,开放申购,开放赎回
2016-11-02,0.8620,,-0.69%,开放申购,开放赎回
2016-11-03,0.8700,,0.93%,开放申购,开放赎回
2016-11-04,0.8670,,-0.34%,开放申购,开放赎回
2016-11-07,0.8680,,0.12%,开放申购,开放赎回
2016-11-08,0.8710,,0.35%,开放申购,开放赎回
2016-11-09,0.8670,,-0.46%,开放申购,开放赎回
2016-11-10,0.8760,,1.04%,开放申购,开放赎回
2016-11-11,0.8820,,0.68%,开放申购,开放赎回
2016-11-14,0.8860,,0.45%,开放申购,开放赎回
2016-11-15,0.8860,,0.00%,开放申购,开放赎回
2016-11-16,0.8860,,0.00%,开放申购,开放赎回
2016-11-17,0.8870,,0.11%,开放申购,开放赎回
2016-11-18,0.8820,,-0.56%,开放申购,开放赎回
2016-11-21,0.8880,,0.68%,开放申购,开放赎回
2016-11-22,0.8950,,0.79%,开放申购,开放赎回
2016-11-23,0.8960,,0.11%,开放申购,开放赎回
2016-11-24,0.8990,,0.33%,开放申购,开放赎回
2016-11-25,0.9070,,0.89%,开放申购,开放赎回
2016-11-28,0.9110,,0.44%,开放申购,开放赎回
2016-11-29,0.9170,,0.66%,开放申购,开放赎回
2016-11-30,0.9110,,-0.65%,开放申购,开放赎回
2016-12-01,0.8930,,0.77%,暂停申购,暂停赎回
2016-12-02,0.8840,,-1.01%,暂停申购,暂停赎回
2016-12-05,0.8700,,-1.58%,开放申购,开放赎回
2016-12-06,0.8670,,-0.34%,开放申购,开放赎回
2016-12-07,0.8710,,0.46%,开放申购,开放赎回
2016-12-08,0.8700,,-0.11%,开放申购,开放赎回
2016-12-09,0.8750,,0.57%,开放申购,开放赎回
2016-12-12,0.8550,,-2.29%,开放申购,开放赎回
2016-12-13,0.8540,,-0.12%,开放申购,开放赎回
2016-12-14,0.8480,,-0.70%,开放申购,开放赎回
2016-12-15,0.8390,,-1.06%,开放申购,开放赎回
2016-12-16,0.8400,,0.12%,开放申购,开放赎回
2016-12-19,0.8360,,-0.48%,开放申购,开放赎回
2016-12-20,0.8310,,-0.60%,开放申购,开放赎回
2016-12-21,0.8380,,0.84%,开放申购,开放赎回
2016-12-22,0.8370,,-0.12%,开放申购,开放赎回
2016-12-23,0.8310,,-0.72%,开放申购,开放赎回
2016-12-26,0.8340,,0.36%,开放申购,开放赎回
2016-12-27,0.8330,,-0.12%,开放申购,开放赎回
2016-12-28,0.8290,,-0.48%,开放申购,开放赎回
2016-12-29,0.8280,,-0.12%,开放申购,开放赎回
2016-12-30,0.8310,,0.36%,开放申购,开放赎回
2016-12-31,0.8310,,0.00%,开放申购,开放赎回
2017-01-03,0.8380,,0.84%,开放申购,开放赎回
2017-01-04,0.8450,,0.84%,开放申购,开放赎回
2017-01-05,0.8440,,-0.12%,开放申购,开放赎回
2017-01-06,0.8400,,-0.47%,开放申购,开放赎回
2017-01-09,0.8430,,0.36%,开放申购,开放赎回
2017-01-10,0.8420,,-0.12%,开放申购,开放赎回
2017-01-11,0.8360,,-0.71%,开放申购,开放赎回
2017-01-12,0.8320,,-0.48%,开放申购,开放赎回
2017-01-13,0.8330,,0.12%,开放申购,开放赎回
2017-01-16,0.8320,,-0.12%,开放申购,开放赎回
2017-01-17,0.8340,,0.24%,开放申购,开放赎回
2017-01-18,0.8370,,0.36%,开放申购,开放赎回
2017-01-19,0.8350,,-0.24%,开放申购,开放赎回
2017-01-20,0.8410,,0.72%,开放申购,开放赎回
2017-01-23,0.8430,,0.24%,开放申购,开放赎回
2017-01-24,0.8430,,0.00%,开放申购,开放赎回
2017-01-25,0.8450,,0.24%,开放申购,开放赎回
2017-01-26,0.8480,,0.36%,开放申购,开放赎回
2017-02-03,0.8420,,-0.71%,开放申购,开放赎回
2017-02-06,0.8440,,0.24%,开放申购,开放赎回
2017-02-07,0.8430,,-0.12%,开放申购,开放赎回
2017-02-08,0.8470,,0.47%,开放申购,开放赎回
2017-02-09,0.8500,,0.35%,开放申购,开放赎回
2017-02-10,0.8540,,0.47%,开放申购,开放赎回
2017-02-13,0.8590,,0.59%,开放申购,开放赎回
2017-02-14,0.8600,,0.12%,开放申购,开放赎回
2017-02-15,0.8560,,-0.47%,开放申购,开放赎回
2017-02-16,0.8600,,0.47%,开放申购,开放赎回
2017-02-17,0.8560,,-0.47%,开放申购,开放赎回
2017-02-20,0.8670,,1.29%,开放申购,开放赎回
2017-02-21,0.8700,,0.35%,开放申购,开放赎回
2017-02-22,0.8720,,0.23%,开放申购,开放赎回
2017-02-23,0.8680,,-0.46%,开放申购,开放赎回
2017-02-24,0.8680,,0.00%,开放申购,开放赎回
2017-02-27,0.8610,,-0.81%,开放申购,开放赎回
2017-02-28,0.8630,,0.23%,开放申购,开放赎回
2017-03-01,0.8640,,0.12%,开放申购,开放赎回
2017-03-02,0.8580,,-0.69%,开放申购,开放赎回
2017-03-03,0.8570,,-0.12%,开放申购,开放赎回
2017-03-06,0.8610,,0.47%,开放申购,开放赎回
2017-03-07,0.8630,,0.23%,开放申购,开放赎回
2017-03-08,0.8620,,-0.12%,开放申购,开放赎回
2017-03-09,0.8570,,-0.58%,开放申购,开放赎回
2017-03-10,0.8570,,0.00%,开放申购,开放赎回
2017-03-13,0.8640,,0.82%,开放申购,开放赎回
2017-03-14,0.8630,,-0.12%,开放申购,开放赎回
2017-03-15,0.8650,,0.23%,开放申购,开放赎回
2017-03-16,0.8690,,0.46%,开放申购,开放赎回
2017-03-17,0.8610,,-0.92%,开放申购,开放赎回
2017-03-20,0.8620,,0.12%,开放申购,开放赎回
2017-03-21,0.8660,,0.46%,开放申购,开放赎回
2017-03-22,0.8620,,-0.46%,开放申购,开放赎回
2017-03-23,0.8640,,0.23%,开放申购,开放赎回
2017-03-24,0.8710,,0.81%,开放申购,开放赎回
2017-03-27,0.8680,,-0.34%,开放申购,开放赎回
2017-03-28,0.8660,,-0.23%,开放申购,开放赎回
2017-03-29,0.8650,,-0.12%,开放申购,开放赎回
2017-03-30,0.8580,,-0.81%,开放申购,开放赎回
2017-03-31,0.8630,,0.58%,开放申购,开放赎回
2017-04-05,0.8740,,1.27%,开放申购,开放赎回
2017-04-06,0.8760,,0.23%,开放申购,开放赎回
2017-04-07,0.8770,,0.11%,开放申购,开放赎回
2017-04-10,0.8740,,-0.34%,开放申购,开放赎回
2017-04-11,0.8770,,0.34%,开放申购,开放赎回
2017-04-12,0.8750,,-0.23%,开放申购,开放赎回
2017-04-13,0.8760,,0.11%,开放申购,开放赎回
2017-04-14,0.8690,,-0.80%,开放申购,开放赎回
2017-04-17,0.8680,,-0.12%,开放申购,开放赎回
2017-04-18,0.8640,,-0.46%,开放申购,开放赎回
2017-04-19,0.8600,,-0.46%,开放申购,开放赎回
2017-04-20,0.8630,,0.35%,开放申购,开放赎回
2017-04-21,0.8640,,0.12%,开放申购,开放赎回
2017-04-24,0.8560,,-0.93%,开放申购,开放赎回
2017-04-25,0.8580,,0.23%,开放申购,开放赎回
2017-04-26,0.8590,,0.12%,开放申购,开放赎回
2017-04-27,0.8590,,0.00%,开放申购,开放赎回
2017-04-28,0.8580,,-0.12%,开放申购,开放赎回
2017-05-02,0.8540,,-0.47%,开放申购,开放赎回
2017-05-03,0.8510,,-0.35%,开放申购,开放赎回
2017-05-04,0.8490,,-0.24%,开放申购,开放赎回
2017-05-05,0.8440,,-0.59%,开放申购,开放赎回
2017-05-08,0.8380,,-0.71%,开放申购,开放赎回
2017-05-09,0.8370,,-0.12%,开放申购,开放赎回
2017-05-10,0.8340,,-0.36%,开放申购,开放赎回
2017-05-11,0.8380,,0.48%,开放申购,开放赎回
2017-05-12,0.8450,,0.84%,开放申购,开放赎回
2017-05-15,0.8480,,0.36%,开放申购,开放赎回
2017-05-16,0.8550,,0.83%,开放申购,开放赎回
2017-05-17,0.8510,,-0.47%,开放申购,开放赎回
2017-05-18,0.8480,,-0.35%,开放申购,开放赎回
2017-05-19,0.8490,,0.12%,开放申购,开放赎回
2017-05-22,0.8510,,0.24%,开放申购,开放赎回
2017-05-23,0.8540,,0.35%,开放申购,开放赎回
2017-05-24,0.8530,,-0.12%,开放申购,开放赎回
2017-05-25,0.8670,,1.64%,开放申购,开放赎回
2017-05-26,0.8660,,-0.12%,开放申购,开放赎回
2017-05-31,0.8690,,0.35%,开放申购,开放赎回
2017-06-01,0.8700,,0.12%,开放申购,开放赎回
2017-06-02,0.8680,,-0.23%,开放申购,开放赎回
2017-06-05,0.8640,,-0.46%,开放申购,开放赎回
2017-06-06,0.8700,,0.69%,开放申购,开放赎回
2017-06-07,0.8790,,1.03%,开放申购,开放赎回
2017-06-08,0.8860,,0.80%,开放申购,开放赎回
2017-06-09,0.8890,,0.34%,开放申购,开放赎回
2017-06-12,0.8890,,0.00%,开放申购,开放赎回
2017-06-13,0.8910,,0.23%,开放申购,开放赎回
2017-06-14,0.8820,,-1.01%,开放申购,开放赎回
2017-06-15,0.8810,,-0.11%,开放申购,开放赎回
2017-06-16,0.8790,,-0.23%,开放申购,开放赎回
2017-06-19,0.8870,,0.91%,开放申购,开放赎回
2017-06-20,0.8860,,-0.11%,开放申购,开放赎回
2017-06-21,0.8960,,1.13%,开放申购,开放赎回
2017-06-22,0.8960,,0.00%,开放申购,开放赎回
2017-06-23,0.9040,,0.89%,开放申购,开放赎回
2017-06-26,0.9140,,1.11%,开放申购,开放赎回
2017-06-27,0.9150,,0.11%,开放申购,开放赎回
2017-06-28,0.9090,,-0.66%,开放申购,开放赎回
2017-06-29,0.9140,,0.55%,开放申购,开放赎回
2017-06-30,0.9140,,0.00%,开放申购,开放赎回
2017-07-03,0.9110,,-0.33%,开放申购,开放赎回
2017-07-04,0.9040,,-0.77%,开放申购,开放赎回
2017-07-05,0.9140,,1.11%,开放申购,开放赎回
2017-07-06,0.9150,,0.11%,开放申购,开放赎回
2017-07-07,0.9150,,0.00%,开放申购,开放赎回
2017-07-10,0.9150,,0.00%,开放申购,开放赎回
2017-07-11,0.9200,,0.55%,开放申购,开放赎回
2017-07-12,0.9170,,-0.33%,开放申购,开放赎回
2017-07-13,0.9240,,0.76%,开放申购,开放赎回
2017-07-14,0.9290,,0.54%,开放申购,开放赎回
2017-07-17,0.9190,,-1.08%,开放申购,开放赎回
2017-07-18,0.9200,,0.11%,开放申购,开放赎回
2017-07-19,0.9350,,1.63%,开放申购,开放赎回
2017-07-20,0.9400,,0.53%,开放申购,开放赎回
2017-07-21,0.9360,,-0.43%,开放申购,开放赎回
2017-07-24,0.9390,,0.32%,开放申购,开放赎回
2017-07-25,0.9330,,-0.64%,开放申购,开放赎回
2017-07-26,0.9300,,-0.32%,开放申购,开放赎回
2017-07-27,0.9320,,0.22%,开放申购,开放赎回
2017-07-28,0.9340,,0.21%,开放申购,开放赎回
2017-07-31,0.9390,,0.54%,开放申购,开放赎回
2017-08-01,0.9460,,0.75%,开放申购,开放赎回
2017-08-02,0.9450,,-0.11%,开放申购,开放赎回
2017-08-03,0.9370,,-0.85%,开放申购,开放赎回
2017-08-04,0.9320,,-0.53%,开放申购,开放赎回
2017-08-07,0.9370,,0.54%,开放申购,开放赎回
2017-08-08,0.9390,,0.21%,开放申购,开放赎回
2017-08-09,0.9390,,0.00%,开放申购,开放赎回
2017-08-10,0.9350,,-0.43%,开放申购,开放赎回
2017-08-11,0.9190,,-1.71%,开放申购,开放赎回
2017-08-14,0.9300,,1.20%,开放申购,开放赎回
2017-08-15,0.9330,,0.32%,开放申购,开放赎回
2017-08-16,0.9320,,-0.11%,开放申购,开放赎回
2017-08-17,0.9360,,0.43%,开放申购,开放赎回
2017-08-18,0.9370,,0.11%,开放申购,开放赎回
2017-08-21,0.9410,,0.43%,开放申购,开放赎回
2017-08-22,0.9440,,0.32%,开放申购,开放赎回
2017-08-23,0.9440,,0.00%,开放申购,开放赎回
2017-08-24,0.9390,,-0.53%,开放申购,开放赎回
2017-08-25,0.9540,,1.60%,开放申购,开放赎回
2017-08-28,0.9650,,1.15%,开放申购,开放赎回
2017-08-29,0.9640,,-0.10%,开放申购,开放赎回
2017-08-30,0.9640,,0.00%,开放申购,开放赎回
2017-08-31,0.9610,,-0.31%,开放申购,开放赎回
2017-09-01,0.9630,,0.21%,开放申购,开放赎回
2017-09-04,0.9670,,0.42%,开放申购,开放赎回
2017-09-05,0.9690,,0.21%,开放申购,开放赎回
2017-09-06,0.9680,,-0.10%,开放申购,开放赎回
2017-09-07,0.9630,,-0.52%,开放申购,开放赎回
2017-09-08,0.9620,,-0.10%,开放申购,开放赎回
2017-09-11,0.9630,,0.10%,开放申购,开放赎回
2017-09-12,0.9660,,0.31%,开放申购,开放赎回
2017-09-13,0.9670,,0.10%,开放申购,开放赎回
2017-09-14,0.9640,,-0.31%,开放申购,开放赎回
2017-09-15,0.9640,,0.00%,开放申购,开放赎回
2017-09-18,0.9670,,0.31%,开放申购,开放赎回
2017-09-19,0.9640,,-0.31%,开放申购,开放赎回
2017-09-20,0.9670,,0.31%,开放申购,开放赎回
2017-09-21,0.9660,,-0.10%,开放申购,开放赎回
2017-09-22,0.9660,,0.00%,开放申购,开放赎回
2017-09-25,0.9620,,-0.41%,开放申购,开放赎回
2017-09-26,0.9630,,0.10%,开放申购,开放赎回
2017-09-27,0.9630,,0.00%,开放申购,开放赎回
2017-09-28,0.9640,,0.10%,开放申购,开放赎回
2017-09-29,0.9670,,0.31%,开放申购,开放赎回
2017-10-09,0.9780,,1.14%,开放申购,开放赎回
2017-10-10,0.9790,,0.10%,开放申购,开放赎回
2017-10-11,0.9830,,0.41%,开放申购,开放赎回
2017-10-12,0.9850,,0.20%,开放申购,开放赎回
2017-10-13,0.9880,,0.30%,开放申购,开放赎回
2017-10-16,0.9850,,-0.30%,开放申购,开放赎回
2017-10-17,0.9850,,0.00%,开放申购,开放赎回
2017-10-18,0.9920,,0.71%,开放申购,开放赎回
2017-10-19,0.9890,,-0.30%,开放申购,开放赎回
2017-10-20,0.9890,,0.00%,开放申购,开放赎回
2017-10-23,0.9900,,0.10%,开放申购,开放赎回
2017-10-24,0.9970,,0.71%,开放申购,开放赎回
2017-10-25,1.0010,,0.40%,开放申购,开放赎回
2017-10-26,1.0050,,0.40%,开放申购,开放赎回
2017-10-27,1.0110,,0.60%,开放申购,开放赎回
2017-10-30,1.0080,,-0.30%,开放申购,开放赎回
2017-10-31,1.0080,,0.00%,开放申购,开放赎回
2017-11-01,1.0050,,-0.30%,开放申购,开放赎回
2017-11-02,1.0050,,0.00%,开放申购,开放赎回
2017-11-03,1.0040,,-0.10%,开放申购,开放赎回
2017-11-06,1.0110,,0.70%,开放申购,开放赎回
2017-11-07,1.0190,,0.79%,开放申购,开放赎回
2017-11-08,1.0170,,-0.20%,开放申购,开放赎回
2017-11-09,1.0250,,0.79%,开放申购,开放赎回
2017-11-10,1.0330,,0.78%,开放申购,开放赎回
2017-11-13,1.0370,,0.39%,开放申购,开放赎回
2017-11-14,1.0300,,-0.68%,开放申购,开放赎回
2017-11-15,1.0240,,-0.58%,开放申购,开放赎回
2017-11-16,1.0310,,0.68%,开放申购,开放赎回
2017-11-17,1.0330,,0.19%,开放申购,开放赎回
2017-11-20,1.0380,,0.48%,开放申购,开放赎回
2017-11-21,1.0560,,1.73%,开放申购,开放赎回
2017-11-22,1.0580,,0.19%,开放申购,开放赎回
2017-11-23,1.0280,,-2.84%,开放申购,开放赎回
2017-11-24,1.0290,,0.10%,开放申购,开放赎回
2017-11-27,1.0160,,-1.26%,开放申购,开放赎回
2017-11-28,1.0180,,0.20%,开放申购,开放赎回
2017-11-29,1.0170,,-0.10%,开放申购,开放赎回
2017-11-30,1.0060,,-1.08%,开放申购,开放赎回
2017-12-01,0.9800,,-0.10%,暂停申购,暂停赎回
2017-12-04,0.9840,,0.41%,暂停申购,暂停赎回
2017-12-05,0.9880,,0.41%,开放申购,开放赎回
2017-12-06,0.9830,,-0.51%,开放申购,开放赎回
2017-12-07,0.9730,,-1.02%,开放申购,开放赎回
2017-12-08,0.9810,,0.82%,开放申购,开放赎回
2017-12-11,0.9950,,1.43%,开放申购,开放赎回
2017-12-12,0.9830,,-1.21%,开放申购,开放赎回
2017-12-13,0.9910,,0.81%,开放申购,开放赎回
2017-12-14,0.9860,,-0.50%,开放申购,开放赎回
2017-12-15,0.9750,,-1.12%,开放申购,开放赎回
2017-12-18,0.9760,,0.10%,开放申购,开放赎回
2017-12-19,0.9870,,1.13%,开放申购,开放赎回
2017-12-20,0.9860,,-0.10%,开放申购,开放赎回
2017-12-21,0.9940,,0.81%,开放申购,开放赎回
2017-12-22,0.9920,,-0.20%,开放申购,开放赎回
2017-12-25,0.9880,,-0.40%,开放申购,开放赎回
2017-12-26,0.9910,,0.30%,开放申购,开放赎回
2017-12-27,0.9770,,-1.41%,开放申购,开放赎回
2017-12-28,0.9830,,0.61%,开放申购,开放赎回
2017-12-29,0.9860,,0.31%,开放申购,开放赎回
2017-12-31,0.9860,,0%,开放申购,开放赎回
2018-01-02,0.9990,,1.32%,开放申购,开放赎回
2018-01-03,1.0040,,0.50%,开放申购,开放赎回
2018-01-04,1.0090,,0.50%,开放申购,开放赎回
2018-01-05,1.0110,,0.20%,开放申购,开放赎回
2018-01-08,1.0160,,0.49%,开放申购,开放赎回
2018-01-09,1.0230,,0.69%,开放申购,开放赎回
2018-01-10,1.0260,,0.29%,开放申购,开放赎回
2018-01-11,1.0260,,0.00%,开放申购,开放赎回
2018-01-12,1.0300,,0.39%,开放申购,开放赎回
2018-01-15,1.0290,,-0.10%,开放申购,开放赎回
2018-01-16,1.0370,,0.78%,开放申购,开放赎回
2018-01-17,1.0340,,-0.29%,开放申购,开放赎回
2018-01-18,1.0390,,0.48%,开放申购,开放赎回
2018-01-19,1.0420,,0.29%,开放申购,开放赎回
2018-01-22,1.0540,,1.15%,开放申购,开放赎回
2018-01-23,1.0650,,1.04%,开放申购,开放赎回
2018-01-24,1.0670,,0.19%,开放申购,开放赎回
2018-01-25,1.0610,,-0.56%,开放申购,开放赎回
2018-01-26,1.0650,,0.38%,开放申购,开放赎回
2018-01-29,1.0470,,-1.69%,开放申购,开放赎回
2018-01-30,1.0360,,-1.05%,开放申购,开放赎回
2018-01-31,1.0400,,0.39%,开放申购,开放赎回
2018-02-01,1.0320,,-0.77%,开放申购,开放赎回
2018-02-02,1.0380,,0.58%,开放申购,开放赎回
2018-02-05,1.0390,,0.10%,开放申购,开放赎回
2018-02-06,1.0100,,-2.79%,开放申购,开放赎回
2018-02-07,0.9900,,-1.98%,开放申购,开放赎回
2018-02-08,0.9810,,-0.91%,开放申购,开放赎回
2018-02-09,0.9400,,-4.18%,开放申购,开放赎回
2018-02-12,0.9530,,1.38%,开放申购,开放赎回
2018-02-13,0.9620,,0.94%,开放申购,开放赎回
2018-02-14,0.9690,,0.73%,开放申购,开放赎回
2018-02-22,0.9890,,2.06%,开放申购,开放赎回
2018-02-23,0.9930,,0.40%,开放申购,开放赎回
2018-02-26,1.0050,,1.21%,开放申购,开放赎回
2018-02-27,0.9920,,-1.29%,开放申购,开放赎回
2018-02-28,0.9840,,-0.81%,开放申购,开放赎回
2018-03-01,0.9910,,0.71%,开放申购,开放赎回
2018-03-02,0.9830,,-0.81%,开放申购,开放赎回
2018-03-05,0.9840,,0.10%,开放申购,开放赎回
2018-03-06,0.9950,,1.12%,开放申购,开放赎回
2018-03-07,0.9880,,-0.70%,开放申购,开放赎回
2018-03-08,0.9970,,0.91%,开放申购,开放赎回
2018-03-09,1.0050,,0.80%,开放申购,开放赎回
2018-03-12,1.0090,,0.40%,开放申购,开放赎回
2018-03-13,1.0010,,-0.79%,开放申购,开放赎回
2018-03-14,0.9960,,-0.50%,开放申购,开放赎回
2018-03-15,1.0010,,0.50%,开放申购,开放赎回
2018-03-16,0.9920,,-0.90%,开放申购,开放赎回
2018-03-19,0.9960,,0.40%,开放申购,开放赎回
2018-03-20,0.9970,,0.10%,开放申购,开放赎回
2018-03-21,0.9920,,-0.50%,开放申购,开放赎回
2018-03-22,0.9820,,-1.01%,开放申购,开放赎回
2018-03-23,0.9550,,-2.75%,开放申购,开放赎回
2018-03-26,0.9480,,-0.73%,开放申购,开放赎回
2018-03-27,0.9550,,0.74%,开放申购,开放赎回
2018-03-28,0.9390,,-1.68%,开放申购,开放赎回
2018-03-29,0.9510,,1.28%,开放申购,开放赎回
2018-03-30,0.9520,,0.11%,开放申购,开放赎回
2018-04-02,0.9480,,-0.42%,开放申购,开放赎回
2018-04-03,0.9430,,-0.53%,开放申购,开放赎回
2018-04-04,0.9420,,-0.11%,开放申购,开放赎回
2018-04-09,0.9410,,-0.11%,开放申购,开放赎回
2018-04-10,0.9590,,1.91%,开放申购,开放赎回
2018-04-11,0.9620,,0.31%,开放申购,开放赎回
2018-04-12,0.9530,,-0.94%,开放申购,开放赎回
2018-04-13,0.9470,,-0.63%,开放申购,开放赎回
2018-04-16,0.9310,,-1.69%,开放申购,开放赎回
2018-04-17,0.9170,,-1.50%,开放申购,开放赎回
2018-04-18,0.9210,,0.44%,开放申购,开放赎回
2018-04-19,0.9310,,1.09%,开放申购,开放赎回
2018-04-20,0.9190,,-1.29%,开放申购,开放赎回
2018-04-23,0.9210,,0.22%,开放申购,开放赎回
2018-04-24,0.9410,,2.17%,开放申购,开放赎回
2018-04-25,0.9380,,-0.32%,开放申购,开放赎回
2018-04-26,0.9220,,-1.71%,开放申购,开放赎回
2018-04-27,0.9220,,0.00%,开放申购,开放赎回
2018-05-02,0.9240,,0.22%,开放申购,开放赎回
2018-05-03,0.9300,,0.65%,开放申购,开放赎回
2018-05-04,0.9260,,-0.43%,开放申购,开放赎回
2018-05-07,0.9400,,1.51%,开放申购,开放赎回
2018-05-08,0.9490,,0.96%,开放申购,开放赎回
2018-05-09,0.9490,,0.00%,开放申购,开放赎回
2018-05-10,0.9570,,0.84%,开放申购,开放赎回
2018-05-11,0.9500,,-0.73%,开放申购,开放赎回
2018-05-14,0.9590,,0.95%,开放申购,开放赎回
2018-05-15,0.9620,,0.31%,开放申购,开放赎回
2018-05-16,0.9560,,-0.62%,开放申购,开放赎回
2018-05-17,0.9500,,-0.63%,开放申购,开放赎回
2018-05-18,0.9590,,0.95%,开放申购,开放赎回
2018-05-21,0.9630,,0.42%,开放申购,开放赎回
2018-05-22,0.9600,,-0.31%,开放申购,开放赎回
2018-05-23,0.9460,,-1.46%,开放申购,开放赎回
2018-05-24,0.9400,,-0.63%,开放申购,开放赎回
2018-05-25,0.9380,,-0.21%,开放申购,开放赎回
2018-05-28,0.9430,,0.53%,开放申购,开放赎回
2018-05-29,0.9360,,-0.74%,开放申购,开放赎回
2018-05-30,0.9190,,-1.82%,开放申购,开放赎回
2018-05-31,0.9390,,2.18%,开放申购,开放赎回
2018-06-01,0.9300,,-0.96%,开放申购,开放赎回
2018-06-04,0.9400,,1.08%,开放申购,开放赎回
2018-06-05,0.9510,,1.17%,开放申购,开放赎回
2018-06-06,0.9490,,-0.21%,开放申购,开放赎回
2018-06-07,0.9470,,-0.21%,开放申购,开放赎回
2018-06-08,0.9400,,-0.74%,开放申购,开放赎回
2018-06-11,0.9380,,-0.21%,开放申购,开放赎回
2018-06-12,0.9520,,1.49%,开放申购,开放赎回
2018-06-13,0.9450,,-0.74%,开放申购,开放赎回
2018-06-14,0.9390,,-0.63%,开放申购,开放赎回
2018-06-15,0.9380,,-0.11%,开放申购,开放赎回
2018-06-19,0.9130,,-2.67%,开放申购,开放赎回
2018-06-20,0.9200,,0.77%,开放申购,开放赎回
2018-06-21,0.9110,,-0.98%,开放申购,开放赎回
2018-06-22,0.9150,,0.44%,开放申购,开放赎回
2018-06-25,0.9060,,-0.98%,开放申购,开放赎回
2018-06-26,0.8980,,-0.88%,开放申购,开放赎回
2018-06-27,0.8780,,-2.23%,开放申购,开放赎回
2018-06-28,0.8670,,-1.25%,开放申购,开放赎回
2018-06-29,0.8900,,2.65%,开放申购,开放赎回
2018-06-30,0.8900,,0%,开放申购,开放赎回
2018-07-02,0.8660,,-2.70%,开放申购,开放赎回
2018-07-03,0.8620,,-0.46%,开放申购,开放赎回
2018-07-04,0.8510,,-1.28%,开放申购,开放赎回
2018-07-05,0.8470,,-0.47%,开放申购,开放赎回
2018-07-06,0.8540,,0.83%,开放申购,开放赎回
2018-07-09,0.8780,,2.81%,开放申购,开放赎回
2018-07-10,0.8810,,0.34%,开放申购,开放赎回
2018-07-11,0.8700,,-1.25%,开放申购,开放赎回
2018-07-12,0.8880,,2.07%,开放申购,开放赎回
2018-07-13,0.8960,,0.90%,开放申购,开放赎回
2018-07-16,0.8920,,-0.45%,开放申购,开放赎回
2018-07-17,0.8860,,-0.67%,开放申购,开放赎回
2018-07-18,0.8820,,-0.45%,开放申购,开放赎回
2018-07-19,0.8840,,0.23%,开放申购,开放赎回
2018-07-20,0.8980,,1.58%,开放申购,开放赎回
2018-07-23,0.9030,,0.56%,开放申购,开放赎回
2018-07-24,0.9140,,1.22%,开放申购,开放赎回
2018-07-25,0.9170,,0.33%,开放申购,开放赎回
2018-07-26,0.9050,,-1.31%,开放申购,开放赎回
2018-07-27,0.9020,,-0.33%,开放申购,开放赎回
2018-07-30,0.8990,,-0.33%,开放申购,开放赎回
2018-07-31,0.8990,,0.00%,开放申购,开放赎回
2018-08-01,0.8820,,-1.89%,开放申购,开放赎回
2018-08-02,0.8650,,-1.93%,开放申购,开放赎回
2018-08-03,0.8470,,-2.08%,开放申购,开放赎回
2018-08-06,0.8380,,-1.06%,开放申购,开放赎回
2018-08-07,0.8630,,2.98%,开放申购,开放赎回
2018-08-08,0.8490,,-1.62%,开放申购,开放赎回
2018-08-09,0.8710,,2.59%,开放申购,开放赎回
2018-08-10,0.8720,,0.11%,开放申购,开放赎回
2018-08-13,0.8680,,-0.46%,开放申购,开放赎回
2018-08-14,0.8630,,-0.58%,开放申购,开放赎回
2018-08-15,0.8420,,-2.43%,开放申购,开放赎回
2018-08-16,0.8360,,-0.71%,开放申购,开放赎回
2018-08-17,0.8210,,-1.79%,开放申购,开放赎回
2018-08-20,0.8290,,0.97%,开放申购,开放赎回
2018-08-21,0.8450,,1.93%,开放申购,开放赎回
2018-08-22,0.8410,,-0.47%,开放申购,开放赎回
2018-08-23,0.8430,,0.24%,开放申购,开放赎回
2018-08-24,0.8450,,0.24%,开放申购,开放赎回
2018-08-27,0.8660,,2.49%,开放申购,开放赎回
2018-08-28,0.8630,,-0.35%,开放申购,开放赎回
2018-08-29,0.8570,,-0.70%,开放申购,开放赎回
2018-08-30,0.8490,,-0.93%,开放申购,开放赎回
2018-08-31,0.8420,,-0.82%,开放申购,开放赎回
2018-09-03,0.8370,,-0.59%,开放申购,开放赎回
2018-09-04,0.8470,,1.19%,开放申购,开放赎回
2018-09-05,0.8290,,-2.13%,开放申购,开放赎回
2018-09-06,0.8200,,-1.09%,开放申购,开放赎回
2018-09-07,0.8240,,0.49%,开放申购,开放赎回
2018-09-10,0.8130,,-1.34%,开放申购,开放赎回
2018-09-11,0.8100,,-0.37%,开放申购,开放赎回
2018-09-12,0.8040,,-0.74%,开放申购,开放赎回
2018-09-13,0.8100,,0.75%,开放申购,开放赎回
2018-09-14,0.8140,,0.49%,开放申购,开放赎回
2018-09-17,0.8040,,-1.23%,开放申购,开放赎回
2018-09-18,0.8200,,1.99%,开放申购,开放赎回
2018-09-19,0.8300,,1.22%,开放申购,开放赎回
2018-09-20,0.8300,,0.00%,开放申购,开放赎回
2018-09-21,0.8590,,3.49%,开放申购,开放赎回
2018-09-25,0.8520,,-0.81%,开放申购,开放赎回
2018-09-26,0.8620,,1.17%,开放申购,开放赎回
2018-09-27,0.8590,,-0.35%,开放申购,开放赎回
2018-09-28,0.8700,,1.28%,开放申购,开放赎回
2018-10-08,0.8280,,-4.83%,开放申购,开放赎回
2018-10-09,0.8260,,-0.24%,开放申购,开放赎回
2018-10-10,0.8220,,-0.48%,开放申购,开放赎回
2018-10-11,0.7870,,-4.26%,开放申购,开放赎回
2018-10-12,0.8010,,1.78%,开放申购,开放赎回
2018-10-15,0.7880,,-1.62%,开放申购,开放赎回
2018-10-16,0.7830,,-0.63%,开放申购,开放赎回
2018-10-17,0.7880,,0.64%,开放申购,开放赎回
2018-10-18,0.7720,,-2.03%,开放申购,开放赎回
2018-10-19,0.7940,,2.85%,开放申购,开放赎回
2018-10-22,0.8250,,3.90%,开放申购,开放赎回
2018-10-23,0.8020,,-2.79%,开放申购,开放赎回
2018-10-24,0.8000,,-0.25%,开放申购,开放赎回
2018-10-25,0.7970,,-0.38%,开放申购,开放赎回
2018-10-26,0.7900,,-0.88%,开放申购,开放赎回
2018-10-29,0.7650,,-3.16%,开放申购,开放赎回
2018-10-30,0.7720,,0.92%,开放申购,开放赎回
2018-10-31,0.7860,,1.81%,开放申购,开放赎回
2018-11-01,0.7930,,0.89%,开放申购,开放赎回
2018-11-02,0.8190,,3.28%,开放申购,开放赎回
2018-11-05,0.8110,,-0.98%,开放申购,开放赎回
2018-11-06,0.8080,,-0.37%,开放申购,开放赎回
2018-11-07,0.8030,,-0.62%,开放申购,开放赎回
2018-11-08,0.8020,,-0.12%,开放申购,开放赎回
2018-11-09,0.7910,,-1.37%,开放申购,开放赎回
2018-11-12,0.7980,,0.89%,开放申购,开放赎回
2018-11-13,0.8070,,1.13%,开放申购,开放赎回
2018-11-14,0.7980,,-1.12%,开放申购,开放赎回
2018-11-15,0.8040,,0.75%,开放申购,开放赎回
2018-11-16,0.8030,,-0.12%,开放申购,开放赎回
2018-11-19,0.8100,,0.87%,开放申购,开放赎回
2018-11-20,0.7940,,-1.98%,开放申购,开放赎回
2018-11-21,0.7940,,0.00%,开放申购,开放赎回
2018-11-22,0.7920,,-0.25%,开放申购,开放赎回
2018-11-23,0.7760,,-2.02%,开放申购,开放赎回
2018-11-26,0.7760,,0.00%,开放申购,开放赎回
2018-11-27,0.7750,,-0.13%,开放申购,开放赎回
2018-11-28,0.7840,,1.16%,开放申购,开放赎回
2018-11-29,0.7770,,-0.89%,开放申购,开放赎回
2018-11-30,0.7840,,0.90%,开放申购,开放赎回
2018-12-03,0.7800,,2.68%,暂停申购,暂停赎回
2018-12-04,0.7800,,0.00%,暂停申购,暂停赎回
2018-12-05,0.7770,,-0.38%,开放申购,开放赎回
2018-12-06,0.7630,,-1.80%,开放申购,开放赎回
2018-12-07,0.7630,,0.00%,开放申购,开放赎回
2018-12-10,0.7530,,-1.31%,开放申购,开放赎回
2018-12-11,0.7570,,0.53%,开放申购,开放赎回
2018-12-12,0.7600,,0.40%,开放申购,开放赎回
2018-12-13,0.7700,,1.32%,开放申购,开放赎回
2018-12-14,0.7600,,-1.30%,开放申购,开放赎回
2018-12-17,0.7610,,0.13%,开放申购,开放赎回
2018-12-18,0.7540,,-0.92%,开放申购,开放赎回
2018-12-19,0.7460,,-1.06%,开放申购,开放赎回
2018-12-20,0.7410,,-0.67%,开放申购,开放赎回
2018-12-21,0.7320,,-1.21%,开放申购,开放赎回
2018-12-24,0.7350,,0.41%,开放申购,开放赎回
2018-12-25,0.7310,,-0.54%,开放申购,开放赎回
2018-12-26,0.7300,,-0.14%,开放申购,开放赎回
2018-12-27,0.7280,,-0.27%,开放申购,开放赎回
2018-12-28,0.7300,,0.27%,开放申购,开放赎回
2018-12-31,0.7300,,0%,开放申购,开放赎回
2019-01-02,0.7150,,-2.05%,开放申购,开放赎回
2019-01-03,0.7100,,-0.70%,开放申购,开放赎回
2019-01-04,0.7220,,1.69%,开放申购,开放赎回
2019-01-07,0.7230,,0.14%,开放申购,开放赎回
2019-01-08,0.7210,,-0.28%,开放申购,开放赎回
2019-01-09,0.7310,,1.39%,开放申购,开放赎回
2019-01-10,0.7300,,-0.14%,开放申购,开放赎回
2019-01-11,0.7350,,0.68%,开放申购,开放赎回
2019-01-14,0.7300,,-0.68%,开放申购,开放赎回
2019-01-15,0.7440,,1.92%,开放申购,开放赎回
2019-01-16,0.7440,,0.00%,开放申购,开放赎回
2019-01-17,0.7410,,-0.40%,开放申购,开放赎回
2019-01-18,0.7540,,1.75%,开放申购,开放赎回
2019-01-21,0.7600,,0.80%,开放申购,开放赎回
2019-01-22,0.7500,,-1.32%,开放申购,开放赎回
2019-01-23,0.7500,,0.00%,开放申购,开放赎回
2019-01-24,0.7550,,0.67%,开放申购,开放赎回
2019-01-25,0.7620,,0.93%,开放申购,开放赎回
2019-01-28,0.7600,,-0.26%,开放申购,开放赎回
2019-01-29,0.7640,,0.53%,开放申购,开放赎回
2019-01-30,0.7590,,-0.65%,开放申购,开放赎回
2019-01-31,0.7670,,1.05%,开放申购,开放赎回
2019-02-01,0.7760,,1.17%,开放申购,开放赎回
2019-02-11,0.7880,,1.55%,开放申购,开放赎回
2019-02-12,0.7920,,0.51%,开放申购,开放赎回
2019-02-13,0.8060,,1.77%,开放申购,开放赎回
2019-02-14,0.8060,,0.00%,开放申购,开放赎回
2019-02-15,0.7890,,-2.11%,开放申购,开放赎回
2019-02-18,0.8120,,2.92%,开放申购,开放赎回
2019-02-19,0.8090,,-0.37%,开放申购,开放赎回
2019-02-20,0.8110,,0.25%,开放申购,开放赎回
2019-02-21,0.8090,,-0.25%,开放申购,开放赎回
2019-02-22,0.8250,,1.98%,开放申购,开放赎回
2019-02-25,0.8680,,5.21%,开放申购,开放赎回
2019-02-26,0.8620,,-0.69%,限制大额申购,开放赎回
2019-02-27,0.8610,,-0.12%,限制大额申购,开放赎回
2019-02-28,0.8600,,-0.12%,限制大额申购,开放赎回
2019-03-01,0.8790,,2.21%,限制大额申购,开放赎回
2019-03-04,0.8880,,1.02%,限制大额申购,开放赎回
2019-03-05,0.8930,,0.56%,限制大额申购,开放赎回
2019-03-06,0.9010,,0.90%,限制大额申购,开放赎回
2019-03-07,0.8910,,-1.11%,限制大额申购,开放赎回
2019-03-08,0.8600,,-3.48%,限制大额申购,开放赎回
2019-03-11,0.8750,,1.74%,限制大额申购,开放赎回
2019-03-12,0.8830,,0.91%,限制大额申购,开放赎回
2019-03-13,0.8760,,-0.79%,限制大额申购,开放赎回
2019-03-14,0.8720,,-0.46%,限制大额申购,开放赎回
2019-03-15,0.8830,,1.26%,限制大额申购,开放赎回
2019-03-18,0.9060,,2.60%,限制大额申购,开放赎回
2019-03-19,0.9010,,-0.55%,限制大额申购,开放赎回
2019-03-20,0.9010,,0.00%,限制大额申购,开放赎回
2019-03-21,0.9010,,0.00%,限制大额申购,开放赎回
2019-03-22,0.9000,,-0.11%,限制大额申购,开放赎回
2019-03-25,0.8770,,-2.56%,限制大额申购,开放赎回
2019-03-26,0.8680,,-1.03%,限制大额申购,开放赎回
2019-03-27,0.8770,,1.04%,限制大额申购,开放赎回
2019-03-28,0.8740,,-0.34%,限制大额申购,开放赎回
2019-03-29,0.9040,,3.43%,限制大额申购,开放赎回
2019-04-01,0.9240,,2.21%,限制大额申购,开放赎回
2019-04-02,0.9230,,-0.11%,限制大额申购,开放赎回
2019-04-03,0.9340,,1.19%,限制大额申购,开放赎回
2019-04-04,0.9450,,1.18%,限制大额申购,开放赎回
2019-04-08,0.9480,,0.32%,限制大额申购,开放赎回
2019-04-09,0.9530,,0.53%,限制大额申购,开放赎回
2019-04-10,0.9600,,0.73%,限制大额申购,开放赎回
2019-04-11,0.9410,,-1.98%,限制大额申购,开放赎回
2019-04-12,0.9380,,-0.32%,限制大额申购,开放赎回
2019-04-15,0.9370,,-0.11%,限制大额申购,开放赎回
2019-04-16,0.9590,,2.35%,限制大额申购,开放赎回
2019-04-17,0.9600,,0.10%,限制大额申购,开放赎回
2019-04-18,0.9560,,-0.42%,限制大额申购,开放赎回
2019-04-19,0.9670,,1.15%,限制大额申购,开放赎回
2019-04-22,0.9430,,-2.48%,限制大额申购,开放赎回
2019-04-23,0.9460,,0.32%,限制大额申购,开放赎回
2019-04-24,0.9470,,0.11%,限制大额申购,开放赎回
2019-04-25,0.9290,,-1.90%,限制大额申购,开放赎回
2019-04-26,0.9170,,-1.29%,限制大额申购,开放赎回
2019-04-29,0.9230,,0.65%,限制大额申购,开放赎回
2019-04-30,0.9240,,0.11%,限制大额申购,开放赎回
2019-05-06,0.8750,,-5.30%,限制大额申购,开放赎回
2019-05-07,0.8820,,0.80%,限制大额申购,开放赎回
2019-05-08,0.8710,,-1.25%,限制大额申购,开放赎回
2019-05-09,0.8570,,-1.61%,限制大额申购,开放赎回
2019-05-10,0.8860,,3.38%,限制大额申购,开放赎回
2019-05-13,0.8730,,-1.47%,限制大额申购,开放赎回
2019-05-14,0.8680,,-0.57%,限制大额申购,开放赎回
2019-05-15,0.8880,,2.30%,限制大额申购,开放赎回
2019-05-16,0.8890,,0.11%,限制大额申购,开放赎回
2019-05-17,0.8690,,-2.25%,限制大额申购,开放赎回
2019-05-20,0.8610,,-0.92%,限制大额申购,开放赎回
2019-05-21,0.8700,,1.05%,限制大额申购,开放赎回
2019-05-22,0.8670,,-0.34%,限制大额申购,开放赎回
2019-05-23,0.8530,,-1.61%,限制大额申购,开放赎回
2019-05-24,0.8570,,0.47%,限制大额申购,开放赎回
2019-05-27,0.8660,,1.05%,限制大额申购,开放赎回
2019-05-28,0.8750,,1.04%,限制大额申购,开放赎回
2019-05-29,0.8750,,0.00%,限制大额申购,开放赎回
2019-05-30,0.8710,,-0.46%,限制大额申购,开放赎回
2019-05-31,0.8680,,-0.34%,限制大额申购,开放赎回
2019-06-03,0.8690,,0.12%,限制大额申购,开放赎回
2019-06-04,0.8610,,-0.92%,限制大额申购,开放赎回
2019-06-05,0.8590,,-0.23%,限制大额申购,开放赎回
2019-06-06,0.8520,,-0.81%,限制大额申购,开放赎回
2019-06-10,0.8610,,1.06%,限制大额申购,开放赎回
2019-06-11,0.8860,,2.90%,限制大额申购,开放赎回
2019-06-12,0.8790,,-0.79%,限制大额申购,开放赎回
2019-06-13,0.8800,,0.11%,限制大额申购,开放赎回
2019-06-14,0.8740,,-0.68%,限制大额申购,开放赎回
2019-06-17,0.8750,,0.11%,限制大额申购,开放赎回
2019-06-18,0.8780,,0.34%,限制大额申购,开放赎回
2019-06-19,0.8920,,1.59%,限制大额申购,开放赎回
2019-06-20,0.9180,,2.91%,限制大额申购,开放赎回
2019-06-21,0.9210,,0.33%,限制大额申购,开放赎回
2019-06-24,0.9230,,0.22%,限制大额申购,开放赎回
2019-06-25,0.9160,,-0.76%,限制大额申购,开放赎回
2019-06-26,0.9150,,-0.11%,限制大额申购,开放赎回
2019-06-27,0.9250,,1.09%,限制大额申购,开放赎回
2019-06-28,0.9240,,-0.11%,限制大额申购,开放赎回
2019-06-30,0.9240,,0%,限制大额申购,开放赎回
2019-07-01,0.9470,,2.49%,限制大额申购,开放赎回
2019-07-02,0.9490,,0.21%,限制大额申购,开放赎回
2019-07-03,0.9390,,-1.05%,限制大额申购,开放赎回
2019-07-04,0.9350,,-0.43%,限制大额申购,开放赎回
2019-07-05,0.9420,,0.75%,限制大额申购,开放赎回
2019-07-08,0.9210,,-2.23%,限制大额申购,开放赎回
2019-07-09,0.9200,,-0.11%,限制大额申购,开放赎回
2019-07-10,0.9190,,-0.11%,限制大额申购,开放赎回
2019-07-11,0.9200,,0.11%,限制大额申购,开放赎回
2019-07-12,0.9260,,0.65%,限制大额申购,开放赎回
2019-07-15,0.9290,,0.32%,限制大额申购,开放赎回
2019-07-16,0.9250,,-0.43%,限制大额申购,开放赎回
2019-07-17,0.9230,,-0.22%,限制大额申购,开放赎回
2019-07-18,0.9150,,-0.87%,限制大额申购,开放赎回
2019-07-19,0.9240,,0.98%,限制大额申购,开放赎回
2019-07-22,0.9260,,0.22%,限制大额申购,开放赎回
2019-07-23,0.9280,,0.22%,限制大额申购,开放赎回
2019-07-24,0.9340,,0.65%,限制大额申购,开放赎回
2019-07-25,0.9400,,0.64%,限制大额申购,开放赎回
2019-07-26,0.9430,,0.32%,限制大额申购,开放赎回
2019-07-29,0.9440,,0.11%,限制大额申购,开放赎回
2019-07-30,0.9480,,0.42%,限制大额申购,开放赎回
2019-07-31,0.9420,,-0.63%,限制大额申购,开放赎回
2019-08-01,0.9340,,-0.85%,限制大额申购,开放赎回
2019-08-02,0.9220,,-1.28%,限制大额申购,开放赎回
2019-08-05,0.9050,,-1.84%,限制大额申购,开放赎回
2019-08-06,0.9010,,-0.44%,限制大额申购,开放赎回
2019-08-07,0.8980,,-0.33%,限制大额申购,开放赎回
2019-08-08,0.9140,,1.78%,限制大额申购,开放赎回
2019-08-09,0.9070,,-0.77%,限制大额申购,开放赎回
2019-08-12,0.9220,,1.65%,限制大额申购,开放赎回
2019-08-13,0.9140,,-0.87%,限制大额申购,开放赎回
2019-08-14,0.9180,,0.44%,限制大额申购,开放赎回
2019-08-15,0.9220,,0.44%,限制大额申购,开放赎回
2019-08-16,0.9260,,0.43%,限制大额申购,开放赎回
2019-08-19,0.9430,,1.84%,限制大额申购,开放赎回
2019-08-20,0.9430,,0.00%,限制大额申购,开放赎回
2019-08-21,0.9420,,-0.11%,限制大额申购,开放赎回
2019-08-22,0.9450,,0.32%,限制大额申购,开放赎回
2019-08-23,0.9510,,0.63%,限制大额申购,开放赎回
2019-08-26,0.9380,,-1.37%,限制大额申购,开放赎回
2019-08-27,0.9480,,1.07%,限制大额申购,开放赎回
2019-08-28,0.9470,,-0.11%,限制大额申购,开放赎回
2019-08-29,0.9440,,-0.32%,限制大额申购,开放赎回
2019-08-30,0.9470,,0.32%,限制大额申购,开放赎回
2019-09-02,0.9570,,1.06%,限制大额申购,开放赎回
2019-09-03,0.9600,,0.31%,限制大额申购,开放赎回
2019-09-04,0.9700,,1.04%,限制大额申购,开放赎回
2019-09-05,0.9770,,0.72%,限制大额申购,开放赎回
2019-09-06,0.9870,,1.02%,限制大额申购,开放赎回
2019-09-09,0.9920,,0.51%,限制大额申购,开放赎回
2019-09-10,0.9890,,-0.30%,限制大额申购,开放赎回
2019-09-11,0.9810,,-0.81%,限制大额申购,开放赎回
2019-09-12,0.9910,,1.02%,限制大额申购,开放赎回
2019-09-16,0.9860,,-0.50%,限制大额申购,开放赎回
2019-09-17,0.9720,,-1.42%,限制大额申购,开放赎回
2019-09-18,0.9780,,0.62%,限制大额申购,开放赎回
2019-09-19,0.9800,,0.20%,限制大额申购,开放赎回
2019-09-20,0.9810,,0.10%,限制大额申购,开放赎回
2019-09-23,0.9700,,-1.12%,限制大额申购,开放赎回
2019-09-24,0.9740,,0.41%,限制大额申购,开放赎回
2019-09-25,0.9700,,-0.41%,限制大额申购,开放赎回
2019-09-26,0.9650,,-0.52%,限制大额申购,开放赎回
2019-09-27,0.9670,,0.21%,限制大额申购,开放赎回
2019-09-30,0.9580,,-0.93%,限制大额申购,开放赎回
2019-10-08,0.9620,,0.42%,限制大额申购,开放赎回
2019-10-09,0.9630,,0.10%,限制大额申购,开放赎回
2019-10-10,0.9690,,0.62%,限制大额申购,开放赎回
2019-10-11,0.9780,,0.93%,限制大额申购,开放赎回
2019-10-14,0.9870,,0.92%,限制大额申购,开放赎回
2019-10-15,0.9840,,-0.30%,限制大额申购,开放赎回
2019-10-16,0.9800,,-0.41%,限制大额申购,开放赎回
2019-10-17,0.9800,,0.00%,限制大额申购,开放赎回
2019-10-18,0.9670,,-1.33%,限制大额申购,开放赎回
2019-10-21,0.9700,,0.31%,限制大额申购,开放赎回
2019-10-22,0.9730,,0.31%,限制大额申购,开放赎回
2019-10-23,0.9690,,-0.41%,限制大额申购,开放赎回
2019-10-24,0.9680,,-0.10%,限制大额申购,开放赎回
2019-10-25,0.9740,,0.62%,限制大额申购,开放赎回
2019-10-28,0.9810,,0.72%,限制大额申购,开放赎回
2019-10-29,0.9780,,-0.31%,限制大额申购,开放赎回
2019-10-30,0.9760,,-0.20%,限制大额申购,开放赎回
2019-10-31,0.9760,,0.00%,限制大额申购,开放赎回
2019-11-01,0.9920,,1.64%,限制大额申购,开放赎回
2019-11-04,0.9980,,0.60%,限制大额申购,开放赎回
2019-11-05,1.0030,,0.50%,限制大额申购,开放赎回
2019-11-06,1.0010,,-0.20%,限制大额申购,开放赎回
2019-11-07,1.0040,,0.30%,限制大额申购,开放赎回
2019-11-08,1.0000,,-0.40%,限制大额申购,开放赎回
2019-11-11,0.9840,,-1.60%,限制大额申购,开放赎回
2019-11-12,0.9830,,-0.10%,限制大额申购,开放赎回
2019-11-13,0.9820,,-0.10%,限制大额申购,开放赎回
2019-11-14,0.9820,,0.00%,限制大额申购,开放赎回
2019-11-15,0.9770,,-0.51%,限制大额申购,开放赎回
2019-11-18,0.9890,,1.23%,限制大额申购,开放赎回
2019-11-19,0.9970,,0.81%,限制大额申购,开放赎回
2019-11-20,0.9890,,-0.80%,限制大额申购,开放赎回
2019-11-21,0.9840,,-0.51%,限制大额申购,开放赎回
2019-11-22,0.9760,,-0.81%,限制大额申购,开放赎回
2019-11-25,0.9830,,0.72%,限制大额申购,开放赎回
2019-11-26,0.9870,,0.41%,限制大额申购,开放赎回
2019-11-27,0.9820,,-0.51%,限制大额申购,开放赎回
2019-11-28,0.9790,,-0.31%,限制大额申购,开放赎回
2019-11-29,0.9710,,-0.82%,限制大额申购,开放赎回
2019-12-02,0.9460,,0.00%,暂停申购,暂停赎回
2019-12-03,0.9490,,0.32%,暂停申购,暂停赎回
2019-12-04,0.9500,,0.11%,限制大额申购,开放赎回
2019-12-05,0.9570,,0.74%,限制大额申购,开放赎回
2019-12-06,0.9620,,0.52%,限制大额申购,开放赎回
2019-12-09,0.9600,,-0.21%,限制大额申购,开放赎回
2019-12-10,0.9600,,0.00%,限制大额申购,开放赎回
2019-12-11,0.9640,,0.42%,限制大额申购,开放赎回
2019-12-12,0.9610,,-0.31%,限制大额申购,开放赎回
2019-12-13,0.9780,,1.77%,限制大额申购,开放赎回
2019-12-16,0.9820,,0.41%,限制大额申购,开放赎回
2019-12-17,0.9940,,1.22%,限制大额申购,开放赎回
2019-12-18,0.9900,,-0.40%,限制大额申购,开放赎回
2019-12-19,0.9890,,-0.10%,限制大额申购,开放赎回
2019-12-20,0.9870,,-0.20%,限制大额申购,开放赎回
2019-12-23,0.9750,,-1.22%,限制大额申购,开放赎回
2019-12-24,0.9780,,0.31%,限制大额申购,开放赎回
2019-12-25,0.9780,,0.00%,限制大额申购,开放赎回
2019-12-26,0.9850,,0.72%,限制大额申购,开放赎回
2019-12-27,0.9860,,0.10%,限制大额申购,开放赎回
2019-12-30,1.0000,,1.42%,限制大额申购,开放赎回
2019-12-31,1.0050,,0.50%,限制大额申购,开放赎回
2020-01-02,1.0170,,1.19%,限制大额申购,开放赎回
2020-01-03,1.0140,,-0.30%,限制大额申购,开放赎回
2020-01-06,1.0080,,-0.59%,限制大额申购,开放赎回
2020-01-07,1.0170,,0.89%,限制大额申购,开放赎回
2020-01-08,1.0050,,-1.18%,限制大额申购,开放赎回
2020-01-09,1.0160,,1.09%,限制大额申购,开放赎回
2020-01-10,1.0190,,0.30%,限制大额申购,开放赎回
2020-01-13,1.0290,,0.98%,限制大额申购,开放赎回
2020-01-14,1.0270,,-0.19%,限制大额申购,开放赎回
2020-01-15,1.0230,,-0.39%,限制大额申购,开放赎回
2020-01-16,1.0290,,0.59%,限制大额申购,开放赎回
2020-01-17,1.0310,,0.19%,限制大额申购,开放赎回
2020-01-20,1.0430,,1.16%,限制大额申购,开放赎回
2020-01-21,1.0290,,-1.34%,限制大额申购,开放赎回
2020-01-22,1.0340,,0.49%,限制大额申购,开放赎回
2020-01-23,1.0090,,-2.42%,限制大额申购,开放赎回
2020-02-03,0.9340,,-7.43%,限制大额申购,开放赎回
2020-02-04,0.9570,,2.46%,限制大额申购,开放赎回
2020-02-05,0.9680,,1.15%,限制大额申购,开放赎回
2020-02-06,0.9840,,1.65%,限制大额申购,开放赎回
2020-02-07,0.9860,,0.20%,限制大额申购,开放赎回
2020-02-10,0.9870,,0.10%,限制大额申购,开放赎回
2020-02-11,0.9970,,1.01%,限制大额申购,开放赎回
2020-02-12,1.0040,,0.70%,限制大额申购,开放赎回
2020-02-13,1.0000,,-0.40%,限制大额申购,开放赎回
2020-02-14,1.0050,,0.50%,限制大额申购,开放赎回
2020-02-17,1.0240,,1.89%,限制大额申购,开放赎回
2020-02-18,1.0230,,-0.10%,限制大额申购,开放赎回
2020-02-19,1.0260,,0.29%,限制大额申购,开放赎回
2020-02-20,1.0470,,2.05%,限制大额申购,开放赎回
2020-02-21,1.0490,,0.19%,限制大额申购,开放赎回
2020-02-24,1.0410,,-0.76%,限制大额申购,开放赎回
2020-02-25,1.0330,,-0.77%,限制大额申购,开放赎回
2020-02-26,1.0240,,-0.87%,限制大额申购,开放赎回
2020-02-27,1.0300,,0.59%,限制大额申购,开放赎回
2020-02-28,0.9990,,-3.01%,限制大额申购,开放赎回
2020-03-02,1.0270,,2.80%,限制大额申购,开放赎回
2020-03-03,1.0320,,0.49%,限制大额申购,开放赎回
2020-03-04,1.0370,,0.48%,限制大额申购,开放赎回
2020-03-05,1.0600,,2.22%,限制大额申购,开放赎回
2020-03-06,1.0430,,-1.60%,限制大额申购,开放赎回
2020-03-09,1.0080,,-3.36%,限制大额申购,开放赎回
2020-03-10,1.0260,,1.79%,限制大额申购,开放赎回
2020-03-11,1.0150,,-1.07%,限制大额申购,开放赎回
2020-03-12,0.9960,,-1.87%,限制大额申购,开放赎回
2020-03-13,0.9830,,-1.31%,限制大额申购,开放赎回
2020-03-16,0.9440,,-3.97%,限制大额申购,开放赎回
2020-03-17,0.9390,,-0.53%,暂停申购,开放赎回
2020-03-18,0.9220,,-1.81%,暂停申购,开放赎回
2020-03-19,0.9090,,-1.41%,暂停申购,开放赎回
2020-03-20,0.9260,,1.87%,暂停申购,开放赎回
2020-03-23,0.8960,,-3.24%,暂停申购,开放赎回
2020-03-24,0.9200,,2.68%,暂停申购,开放赎回
2020-03-25,0.9440,,2.61%,暂停申购,开放赎回
2020-03-26,0.9390,,-0.53%,暂停申购,开放赎回
2020-03-27,0.9440,,0.53%,暂停申购,开放赎回
2020-03-30,0.9360,,-0.85%,暂停申购,开放赎回
2020-03-31,0.9380,,0.21%,暂停申购,开放赎回
2020-04-01,0.9350,,-0.32%,暂停申购,开放赎回
2020-04-02,0.9490,,1.50%,暂停申购,开放赎回
2020-04-03,0.9430,,-0.63%,暂停申购,开放赎回
2020-04-07,0.9640,,2.23%,暂停申购,开放赎回
2020-04-08,0.9580,,-0.62%,暂停申购,开放赎回
2020-04-09,0.9610,,0.31%,暂停申购,开放赎回
2020-04-10,0.9560,,-0.52%,暂停申购,开放赎回
2020-04-13,0.9520,,-0.42%,暂停申购,开放赎回
2020-04-14,0.9670,,1.58%,暂停申购,开放赎回
2020-04-15,0.9600,,-0.72%,暂停申购,开放赎回
2020-04-16,0.9600,,0.00%,暂停申购,开放赎回
2020-04-17,0.9700,,1.04%,暂停申购,开放赎回
2020-04-20,0.9730,,0.31%,暂停申购,开放赎回
2020-04-21,0.9620,,-1.13%,暂停申购,开放赎回
2020-04-22,0.9710,,0.94%,暂停申购,开放赎回
2020-04-23,0.9690,,-0.21%,暂停申购,开放赎回
2020-04-24,0.9620,,-0.72%,暂停申购,开放赎回
2020-04-27,0.9700,,0.83%,暂停申购,开放赎回
2020-04-28,0.9780,,0.82%,暂停申购,开放赎回
2020-04-29,0.9830,,0.51%,暂停申购,开放赎回
2020-04-30,0.9950,,1.22%,暂停申购,开放赎回
2020-05-06,0.9980,,0.30%,暂停申购,开放赎回
2020-05-07,0.9970,,-0.10%,暂停申购,开放赎回
2020-05-08,1.0060,,0.90%,暂停申购,开放赎回
2020-05-11,1.0050,,-0.10%,暂停申购,开放赎回
2020-05-12,1.0050,,0.00%,暂停申购,开放赎回
2020-05-13,1.0070,,0.20%,暂停申购,开放赎回
2020-05-14,0.9960,,-1.09%,暂停申购,开放赎回
2020-05-15,0.9930,,-0.30%,暂停申购,开放赎回
2020-05-18,0.9950,,0.20%,暂停申购,开放赎回
2020-05-19,1.0040,,0.90%,暂停申购,开放赎回
2020-05-20,0.9990,,-0.50%,暂停申购,开放赎回
2020-05-21,0.9930,,-0.60%,暂停申购,开放赎回
2020-05-22,0.9750,,-1.81%,暂停申购,开放赎回
2020-05-25,0.9760,,0.10%,暂停申购,开放赎回
2020-05-26,0.9860,,1.02%,暂停申购,开放赎回
2020-05-27,0.9790,,-0.71%,暂停申购,开放赎回
2020-05-28,0.9810,,0.20%,暂停申购,开放赎回
2020-05-29,0.9840,,0.31%,暂停申购,开放赎回
2020-06-01,1.0080,,2.44%,暂停申购,开放赎回
2020-06-02,1.0100,,0.20%,暂停申购,开放赎回
2020-06-03,1.0110,,0.10%,暂停申购,开放赎回
2020-06-04,1.0110,,0.00%,暂停申购,开放赎回
2020-06-05,1.0170,,0.59%,暂停申购,开放赎回
2020-06-08,1.0260,,0.89%,暂停申购,开放赎回
2020-06-09,1.0320,,0.58%,暂停申购,开放赎回
2020-06-10,1.0300,,-0.19%,暂停申购,开放赎回
2020-06-11,1.0200,,-0.97%,暂停申购,开放赎回
2020-06-12,1.0210,,0.10%,暂停申购,开放赎回
2020-06-15,1.0100,,-1.08%,暂停申购,开放赎回
2020-06-16,1.0210,,1.09%,暂停申购,开放赎回
2020-06-17,1.0190,,-0.20%,暂停申购,开放赎回
2020-06-18,1.0260,,0.69%,暂停申购,开放赎回
2020-06-19,1.0410,,1.46%,暂停申购,开放赎回
2020-06-22,1.0420,,0.10%,暂停申购,开放赎回
2020-06-23,1.0460,,0.38%,暂停申购,开放赎回
2020-06-24,1.0540,,0.76%,暂停申购,开放赎回
2020-06-29,1.0480,,-0.57%,暂停申购,开放赎回
2020-06-30,1.0620,,1.34%,暂停申购,开放赎回
2020-07-01,1.0830,,1.98%,暂停申购,开放赎回
2020-07-02,1.1030,,1.85%,暂停申购,开放赎回
2020-07-03,1.1240,,1.90%,暂停申购,开放赎回
2020-07-06,1.1840,,5.34%,暂停申购,开放赎回
2020-07-07,1.1890,,0.42%,暂停申购,开放赎回
2020-07-08,1.2070,,1.51%,暂停申购,开放赎回
2020-07-09,1.2240,,1.41%,暂停申购,开放赎回
2020-07-10,1.2020,,-1.80%,暂停申购,开放赎回
2020-07-13,1.2260,,2.00%,暂停申购,开放赎回
2020-07-14,1.2210,,-0.41%,暂停申购,开放赎回
2020-07-15,1.2080,,-1.06%,暂停申购,开放赎回
2020-07-16,1.1520,,-4.64%,暂停申购,开放赎回
2020-07-17,1.1630,,0.95%,暂停申购,开放赎回
2020-07-20,1.1920,,2.49%,暂停申购,开放赎回
2020-07-21,1.1970,,0.42%,暂停申购,开放赎回
2020-07-22,1.2010,,0.33%,暂停申购,开放赎回
2020-07-23,1.2020,,0.08%,暂停申购,开放赎回
2020-07-24,1.1530,,-4.08%,暂停申购,开放赎回
2020-07-27,1.1590,,0.52%,暂停申购,开放赎回
2020-07-28,1.1700,,0.95%,暂停申购,开放赎回
2020-07-29,1.1970,,2.31%,暂停申购,开放赎回
2020-07-30,1.1900,,-0.58%,暂停申购,开放赎回
2020-07-31,1.2010,,0.92%,暂停申购,开放赎回
2020-08-03,1.2190,,1.50%,暂停申购,开放赎回
2020-08-04,1.2210,,0.16%,暂停申购,开放赎回
2020-08-05,1.2240,,0.25%,暂停申购,开放赎回
2020-08-06,1.2200,,-0.33%,暂停申购,开放赎回
2020-08-07,1.2040,,-1.31%,暂停申购,开放赎回
2020-08-10,1.2120,,0.66%,暂停申购,开放赎回
2020-08-11,1.2020,,-0.83%,暂停申购,开放赎回
2020-08-12,1.1950,,-0.58%,暂停申购,开放赎回
2020-08-13,1.1920,,-0.25%,暂停申购,开放赎回
2020-08-14,1.2120,,1.68%,暂停申购,开放赎回
2020-08-17,1.2430,,2.56%,暂停申购,开放赎回
2020-08-18,1.2450,,0.16%,暂停申购,开放赎回
2020-08-19,1.2270,,-1.45%,暂停申购,开放赎回
2020-08-20,1.2140,,-1.06%,暂停申购,开放赎回
2020-08-21,1.2260,,0.99%,暂停申购,开放赎回
2020-08-24,1.2360,,0.82%,暂停申购,开放赎回
2020-08-25,1.2410,,0.40%,暂停申购,开放赎回
2020-08-26,1.2330,,-0.64%,暂停申购,开放赎回
2020-08-27,1.2410,,0.65%,暂停申购,开放赎回
2020-08-28,1.2770,,2.90%,暂停申购,开放赎回
2020-08-31,1.2690,,-0.63%,暂停申购,开放赎回
2020-09-01,1.2720,,0.24%,暂停申购,开放赎回
2020-09-02,1.2710,,-0.08%,暂停申购,开放赎回
2020-09-03,1.2640,,-0.55%,暂停申购,开放赎回
2020-09-04,1.2540,,-0.79%,暂停申购,开放赎回
2020-09-07,1.2270,,-2.15%,暂停申购,开放赎回
2020-09-08,1.2340,,0.57%,暂停申购,开放赎回
2020-09-09,1.2060,,-2.27%,暂停申购,开放赎回
2020-09-10,1.2080,,0.17%,暂停申购,开放赎回
2020-09-11,1.2180,,0.83%,暂停申购,开放赎回
2020-09-14,1.2220,,0.33%,暂停申购,开放赎回
2020-09-15,1.2320,,0.82%,暂停申购,开放赎回
2020-09-16,1.2230,,-0.73%,暂停申购,开放赎回
2020-09-17,1.2180,,-0.41%,暂停申购,开放赎回
2020-09-18,1.2460,,2.30%,暂停申购,开放赎回
2020-09-21,1.2350,,-0.88%,暂停申购,开放赎回
2020-09-22,1.2220,,-1.05%,暂停申购,开放赎回
2020-09-23,1.2300,,0.65%,暂停申购,开放赎回
2020-09-24,1.2090,,-1.71%,暂停申购,开放赎回
2020-09-25,1.2120,,0.25%,暂停申购,开放赎回
2020-09-28,1.2150,,0.25%,暂停申购,开放赎回
2020-09-29,1.2180,,0.25%,暂停申购,开放赎回
2020-09-30,1.2150,,-0.25%,暂停申购,开放赎回
2020-10-09,1.2370,,1.81%,暂停申购,开放赎回
2020-10-12,1.2720,,2.83%,暂停申购,开放赎回
2020-10-13,1.2790,,0.55%,暂停申购,开放赎回
2020-10-14,1.2700,,-0.70%,暂停申购,开放赎回
2020-10-15,1.2680,,-0.16%,暂停申购,开放赎回
2020-10-16,1.2670,,-0.08%,暂停申购,开放赎回
2020-10-19,1.2580,,-0.71%,开放申购,开放赎回
2020-10-20,1.2640,,0.48%,开放申购,开放赎回
2020-10-21,1.2650,,0.08%,开放申购,开放赎回
2020-10-22,1.2620,,-0.24%,开放申购,开放赎回
2020-10-23,1.2520,,-0.79%,开放申购,开放赎回
2020-10-26,1.2490,,-0.24%,开放申购,开放赎回
2020-10-27,1.2540,,0.40%,开放申购,开放赎回
2020-10-28,1.2650,,0.88%,开放申购,开放赎回
2020-10-29,1.2780,,1.03%,暂停申购,开放赎回
2020-10-30,1.2550,,-1.80%,暂停申购,开放赎回
2020-11-02,1.2560,,0.08%,暂停申购,开放赎回
2020-11-03,1.2700,,1.11%,暂停申购,开放赎回
2020-11-04,1.2790,,0.71%,暂停申购,开放赎回
2020-11-05,1.2940,,1.17%,暂停申购,开放赎回
2020-11-06,1.2880,,-0.46%,暂停申购,开放赎回
2020-11-09,1.3150,,2.10%,暂停申购,开放赎回
2020-11-10,1.3090,,-0.46%,暂停申购,开放赎回
2020-11-11,1.2970,,-0.92%,暂停申购,开放赎回
2020-11-12,1.2970,,0.00%,暂停申购,开放赎回
2020-11-13,1.2810,,-1.23%,暂停申购,开放赎回
2020-11-16,1.2920,,0.86%,暂停申购,开放赎回
2020-11-17,1.2900,,-0.15%,暂停申购,开放赎回
2020-11-18,1.2870,,-0.23%,暂停申购,开放赎回
2020-11-19,1.3010,,1.09%,暂停申购,开放赎回
2020-11-20,1.3040,,0.23%,暂停申购,开放赎回
2020-11-23,1.3200,,1.23%,暂停申购,开放赎回
2020-11-24,1.3090,,-0.83%,暂停申购,开放赎回
2020-11-25,1.2900,,-1.45%,暂停申购,开放赎回
2020-11-26,1.2930,,0.23%,暂停申购,开放赎回
2020-11-27,1.0000,,1.11%,暂停申购,暂停赎回
2020-11-30,0.9985,0.9985,-0.15%,暂停申购,暂停赎回
2020-12-01,1.0191,1.0191,2.06%,开放申购,开放赎回
2020-12-02,1.0169,1.0169,-0.22%,开放申购,开放赎回
2020-12-03,1.0178,1.0178,0.09%,开放申购,开放赎回
2020-12-04,1.0219,1.0219,0.40%,开放申购,开放赎回
2020-12-07,1.0174,1.0174,-0.44%,开放申购,开放赎回
2020-12-08,1.0154,1.0154,-0.20%,开放申购,开放赎回
2020-12-09,1.0030,1.0030,-1.22%,开放申购,开放赎回
2020-12-10,1.0057,1.0057,0.27%,开放申购,开放赎回
2020-12-11,0.9954,0.9954,-1.02%,开放申购,开放赎回
2020-12-14,1.0040,1.0040,0.86%,开放申购,开放赎回
2020-12-15,1.0074,1.0074,0.34%,开放申购,开放赎回
2020-12-16,1.0095,1.0095,0.21%,开放申购,开放赎回
2020-12-17,1.0219,1.0219,1.23%,开放申购,开放赎回
2020-12-18,1.0215,1.0215,-0.04%,开放申购,开放赎回
2020-12-21,1.0339,1.0339,1.21%,开放申购,开放赎回
2020-12-22,1.0178,1.0178,-1.56%,开放申购,开放赎回
2020-12-23,1.0296,1.0296,1.16%,开放申购,开放赎回
2020-12-24,1.0302,1.0302,0.06%,开放申购,开放赎回
2020-12-25,1.0381,1.0381,0.77%,开放申购,开放赎回
2020-12-28,1.0454,1.0454,0.70%,开放申购,开放赎回
2020-12-29,1.0386,1.0386,-0.65%,开放申购,开放赎回
2020-12-30,1.0530,1.0530,1.39%,开放申购,开放赎回
2020-12-31,1.0709,1.0709,1.70%,开放申购,开放赎回
2021-01-04,1.0813,1.0813,0.97%,开放申购,开放赎回
2021-01-05,1.1001,1.1001,1.74%,开放申购,开放赎回
2021-01-06,1.1129,1.1129,1.16%,开放申购,开放赎回
2021-01-07,1.1342,1.1342,1.91%,开放申购,开放赎回
2021-01-08,1.1279,1.1279,-0.56%,开放申购,开放赎回
2021-01-11,1.1158,1.1158,-1.07%,开放申购,开放赎回
2021-01-12,1.1479,1.1479,2.88%,开放申购,开放赎回
2021-01-13,1.1399,1.1399,-0.70%,开放申购,开放赎回
2021-01-14,1.1179,1.1179,-1.93%,开放申购,开放赎回
2021-01-15,1.1179,1.1179,0.00%,开放申购,开放赎回
2021-01-18,1.1314,1.1314,1.21%,开放申购,开放赎回
2021-01-19,1.1141,1.1141,-1.53%,开放申购,开放赎回
2021-01-20,1.1237,1.1237,0.86%,开放申购,开放赎回
2021-01-21,1.1459,1.1459,1.98%,开放申购,开放赎回
2021-01-22,1.1525,1.1525,0.58%,开放申购,开放赎回
2021-01-25,1.1698,1.1698,1.50%,开放申购,开放赎回
2021-01-26,1.1498,1.1498,-1.71%,开放申购,开放赎回
2021-01-27,1.1543,1.1543,0.39%,开放申购,开放赎回
2021-01-28,1.1224,1.1224,-2.76%,开放申购,开放赎回
2021-01-29,1.1183,1.1183,-0.37%,开放申购,开放赎回
2021-02-01,1.1303,1.1303,1.07%,开放申购,开放赎回
2021-02-02,1.1532,1.1532,2.03%,开放申购,开放赎回
2021-02-03,1.1516,1.1516,-0.14%,开放申购,开放赎回
2021-02-04,1.1516,1.1516,0.00%,开放申购,开放赎回
2021-02-05,1.1598,1.1598,0.71%,开放申购,开放赎回
2021-02-08,1.1783,1.1783,1.60%,开放申购,开放赎回
2021-02-09,1.2021,1.2021,2.02%,开放申购,开放赎回
2021-02-10,1.2279,1.2279,2.15%,开放申购,开放赎回
2021-02-18,1.2153,1.2153,-1.03%,开放申购,开放赎回
2021-02-19,1.2051,1.2051,-0.84%,开放申购,开放赎回
2021-02-22,1.1590,1.1590,-3.83%,开放申购,开放赎回
2021-02-23,1.1577,1.1577,-0.11%,开放申购,开放赎回
2021-02-24,1.1210,1.1210,-3.17%,开放申购,开放赎回
2021-02-25,1.1250,1.1250,0.36%,开放申购,开放赎回
2021-02-26,1.0992,1.0992,-2.29%,开放申购,开放赎回
2021-03-01,1.1153,1.1153,1.46%,开放申购,开放赎回
2021-03-02,1.1020,1.1020,-1.19%,开放申购,开放赎回
2021-03-03,1.1216,1.1216,1.78%,开放申购,开放赎回
2021-03-04,1.0783,1.0783,-3.86%,开放申购,开放赎回
2021-03-05,1.0741,1.0741,-0.39%,开放申购,开放赎回
2021-03-08,1.0311,1.0311,-4.00%,开放申购,开放赎回
2021-03-09,1.0074,1.0074,-2.30%,开放申购,开放赎回
2021-03-10,1.0217,1.0217,1.42%,开放申购,开放赎回
2021-03-11,1.0483,1.0483,2.60%,开放申购,开放赎回
2021-03-12,1.0536,1.0536,0.51%,开放申购,开放赎回
2021-03-15,1.0222,1.0222,-2.98%,开放申购,开放赎回
2021-03-16,1.0325,1.0325,1.01%,开放申购,开放赎回
2021-03-17,1.0394,1.0394,0.67%,开放申购,开放赎回
2021-03-18,1.0531,1.0531,1.32%,开放申购,开放赎回
2021-03-19,1.0243,1.0243,-2.73%,开放申购,开放赎回
2021-03-22,1.0313,1.0313,0.68%,开放申购,开放赎回
2021-03-23,1.0226,1.0226,-0.84%,开放申购,开放赎回
2021-03-24,1.0061,1.0061,-1.61%,开放申购,开放赎回
2021-03-25,1.0083,1.0083,0.22%,开放申购,开放赎回
2021-03-26,1.0356,1.0356,2.71%,开放申购,开放赎回
2021-03-29,1.0362,1.0362,0.06%,开放申购,开放赎回
2021-03-30,1.0489,1.0489,1.23%,开放申购,开放赎回
2021-03-31,1.0380,1.0380,-1.04%,开放申购,开放赎回
2021-04-01,1.0544,1.0544,1.58%,开放申购,开放赎回
2021-04-02,1.0690,1.0690,1.38%,开放申购,开放赎回
2021-04-06,1.0648,1.0648,-0.39%,开放申购,开放赎回
2021-04-07,1.0539,1.0539,-1.02%,开放申购,开放赎回
